0 2e-06
0.000241044 3e-06
0.000482087 3e-06
0.000723131 3e-06
0.000964174 3e-06
0.00120522 3e-06
0.00144626 3e-06
0.00168731 3e-06
0.00192835 3e-06
0.00216939 3e-06
0.00241044 3e-06
0.00265148 3e-06
0.00289252 3e-06
0.00313357 3e-06
0.00337461 3e-06
0.00361565 3e-06
0.0038567 3e-06
0.00409774 3e-06
0.00433879 3e-06
0.00457983 3e-06
0.00482087 3e-06
0.00506192 3e-06
0.00530296 4e-06
0.005544 4e-06
0.00578505 4e-06
0.00602609 4e-06
0.00626713 4e-06
0.00650818 5e-06
0.00674922 5e-06
0.00699027 5e-06
0.00723131 5e-06
0.00747235 5e-06
0.0077134 5e-06
0.00795444 5e-06
0.00819548 5e-06
0.00843653 5e-06
0.00867757 5e-06
0.00891861 5e-06
0.00915966 5e-06
0.0094007 5e-06
0.00964174 5e-06
0.00988279 5e-06
0.0101238 5e-06
0.0103649 5e-06
0.0106059 5e-06
0.010847 5e-06
0.011088 5e-06
0.0113291 5e-06
0.0115701 5e-06
0.0118111 5e-06
0.0120522 5e-06
0.0122932 5e-06
0.0125343 5e-06
0.0127753 5e-06
0.0130164 5e-06
0.0132574 5e-06
0.0134984 5e-06
0.0137395 5e-06
0.0139805 5e-06
0.0142216 5e-06
0.0144626 5e-06
0.0147037 5e-06
0.0149447 5e-06
0.0151857 5e-06
0.0154268 5e-06
0.0156678 5e-06
0.0159089 5e-06
0.0161499 5e-06
0.016391 5e-06
0.016632 5e-06
0.0168731 5e-06
0.0171141 5e-06
0.0173551 5e-06
0.0175962 5e-06
0.0178372 5e-06
0.0180783 5e-06
0.0183193 5e-06
0.0185604 5e-06
0.0188014 5e-06
0.0190424 6e-06
0.0192835 6e-06
0.0195245 6e-06
0.0197656 6e-06
0.0200066 6e-06
0.0202477 6e-06
0.0204887 6e-06
0.0207298 6e-06
0.0209708 6e-06
0.0212118 6e-06
0.0214529 6e-06
0.0216939 6e-06
0.021935 6e-06
0.022176 6e-06
0.0224171 6e-06
0.0226581 6e-06
0.0228991 6e-06
0.0231402 6e-06
0.0233812 6e-06
0.0236223 6e-06
0.0238633 6e-06
0.0241044 6e-06
0.0243454 6e-06
0.0245864 6e-06
0.0248275 6e-06
0.0250685 6e-06
0.0253096 6e-06
0.0255506 6e-06
0.0257917 6e-06
0.0260327 6e-06
0.0262738 6e-06
0.0265148 6e-06
0.0267558 6e-06
0.0269969 6e-06
0.0272379 6e-06
0.027479 6e-06
0.02772 6e-06
0.0279611 6e-06
0.0282021 6e-06
0.0284431 7e-06
0.0286842 7e-06
0.0289252 7e-06
0.0291663 7e-06
0.0294073 7e-06
0.0296484 7e-06
0.0298894 7e-06
0.0301305 7e-06
0.0303715 7e-06
0.0306125 7e-06
0.0308536 7e-06
0.0310946 7e-06
0.0313357 8e-06
0.0315767 8e-06
0.0318178 8e-06
0.0320588 8e-06
0.0322998 8e-06
0.0325409 8e-06
0.0327819 8e-06
0.033023 8e-06
0.033264 8e-06
0.0335051 8e-06
0.0337461 8e-06
0.0339872 8e-06
0.0342282 8e-06
0.0344692 8e-06
0.0347103 8e-06
0.0349513 8e-06
0.0351924 8e-06
0.0354334 8e-06
0.0356745 8e-06
0.0359155 8e-06
0.0361565 8e-06
0.0363976 8e-06
0.0366386 8e-06
0.0368797 8e-06
0.0371207 8e-06
0.0373618 8e-06
0.0376028 8e-06
0.0378438 8e-06
0.0380849 8e-06
0.0383259 8e-06
0.038567 9e-06
0.038808 9e-06
0.0390491 9e-06
0.0392901 9e-06
0.0395312 9e-06
0.0397722 9e-06
0.0400132 9e-06
0.0402543 9e-06
0.0404953 1e-05
0.0407364 1e-05
0.0409774 1e-05
0.0412185 1e-05
0.0414595 1e-05
0.0417005 1.1e-05
0.0419416 1.1e-05
0.0421826 1.1e-05
0.0424237 1.1e-05
0.0426647 1.1e-05
0.0429058 1.1e-05
0.0431468 1.1e-05
0.0433879 1.1e-05
0.0436289 1.1e-05
0.0438699 1.1e-05
0.044111 1.1e-05
0.044352 1.1e-05
0.0445931 1.1e-05
0.0448341 1.1e-05
0.0450752 1.1e-05
0.0453162 1.1e-05
0.0455572 1.1e-05
0.0457983 1.1e-05
0.0460393 1.1e-05
0.0462804 1.1e-05
0.0465214 1.1e-05
0.0467625 1.1e-05
0.0470035 1.1e-05
0.0472446 1.1e-05
0.0474856 1.1e-05
0.0477266 1.1e-05
0.0479677 1.1e-05
0.0482087 1.1e-05
0.0484498 1.1e-05
0.0486908 1.1e-05
0.0489319 1.1e-05
0.0491729 1.1e-05
0.0494139 1.1e-05
0.049655 1.1e-05
0.049896 1.1e-05
0.0501371 1.1e-05
0.0503781 1.1e-05
0.0506192 1.1e-05
0.0508602 1.1e-05
0.0511012 1.1e-05
0.0513423 1.2e-05
0.0515833 1.2e-05
0.0518244 1.2e-05
0.0520654 1.2e-05
0.0523065 1.2e-05
0.0525475 1.2e-05
0.0527886 1.2e-05
0.0530296 1.3e-05
0.0532706 1.3e-05
0.0535117 1.3e-05
0.0537527 1.3e-05
0.0539938 1.3e-05
0.0542348 1.3e-05
0.0544759 1.3e-05
0.0547169 1.3e-05
0.0549579 1.3e-05
0.055199 1.3e-05
0.05544 1.3e-05
0.0556811 1.3e-05
0.0559221 1.3e-05
0.0561632 1.3e-05
0.0564042 1.3e-05
0.0566453 1.3e-05
0.0568863 1.3e-05
0.0571273 1.3e-05
0.0573684 1.3e-05
0.0576094 1.3e-05
0.0578505 1.3e-05
0.0580915 1.3e-05
0.0583326 1.3e-05
0.0585736 1.4e-05
0.0588146 1.4e-05
0.0590557 1.4e-05
0.0592967 1.4e-05
0.0595378 1.4e-05
0.0597788 1.4e-05
0.0600199 1.4e-05
0.0602609 1.4e-05
0.0605019 1.4e-05
0.060743 1.4e-05
0.060984 1.4e-05
0.0612251 1.4e-05
0.0614661 1.4e-05
0.0617072 1.4e-05
0.0619482 1.4e-05
0.0621893 1.5e-05
0.0624303 1.5e-05
0.0626713 1.5e-05
0.0629124 1.5e-05
0.0631534 1.5e-05
0.0633945 1.5e-05
0.0636355 1.5e-05
0.0638766 1.5e-05
0.0641176 1.5e-05
0.0643586 1.5e-05
0.0645997 1.5e-05
0.0648407 1.5e-05
0.0650818 1.5e-05
0.0653228 1.5e-05
0.0655639 1.5e-05
0.0658049 1.5e-05
0.066046 1.5e-05
0.066287 1.5e-05
0.066528 1.5e-05
0.0667691 1.5e-05
0.0670101 1.5e-05
0.0672512 1.5e-05
0.0674922 1.5e-05
0.0677333 1.5e-05
0.0679743 1.5e-05
0.0682153 1.5e-05
0.0684564 1.5e-05
0.0686974 1.5e-05
0.0689385 1.5e-05
0.0691795 1.5e-05
0.0694206 1.5e-05
0.0696616 1.5e-05
0.0699027 1.5e-05
0.0701437 1.5e-05
0.0703847 1.5e-05
0.0706258 1.5e-05
0.0708668 1.5e-05
0.0711079 1.5e-05
0.0713489 1.6e-05
0.07159 1.6e-05
0.071831 1.6e-05
0.072072 1.6e-05
0.0723131 1.6e-05
0.0725541 1.6e-05
0.0727952 1.6e-05
0.0730362 1.6e-05
0.0732773 1.6e-05
0.0735183 1.6e-05
0.0737593 1.6e-05
0.0740004 1.6e-05
0.0742414 1.6e-05
0.0744825 1.6e-05
0.0747235 1.6e-05
0.0749646 1.6e-05
0.0752056 1.6e-05
0.0754467 1.6e-05
0.0756877 1.6e-05
0.0759287 1.7e-05
0.0761698 1.7e-05
0.0764108 1.7e-05
0.0766519 1.7e-05
0.0768929 1.7e-05
0.077134 1.7e-05
0.077375 1.7e-05
0.077616 1.7e-05
0.0778571 1.7e-05
0.0780981 1.7e-05
0.0783392 1.7e-05
0.0785802 1.7e-05
0.0788213 1.7e-05
0.0790623 1.7e-05
0.0793034 1.7e-05
0.0795444 1.7e-05
0.0797854 1.7e-05
0.0800265 1.8e-05
0.0802675 1.8e-05
0.0805086 1.8e-05
0.0807496 1.8e-05
0.0809907 1.8e-05
0.0812317 1.8e-05
0.0814727 1.8e-05
0.0817138 1.8e-05
0.0819548 1.8e-05
0.0821959 1.8e-05
0.0824369 1.8e-05
0.082678 1.8e-05
0.082919 1.8e-05
0.08316 1.8e-05
0.0834011 1.8e-05
0.0836421 1.8e-05
0.0838832 1.8e-05
0.0841242 1.8e-05
0.0843653 1.8e-05
0.0846063 1.8e-05
0.0848474 1.9e-05
0.0850884 1.9e-05
0.0853294 1.9e-05
0.0855705 1.9e-05
0.0858115 1.9e-05
0.0860526 1.9e-05
0.0862936 1.9e-05
0.0865347 1.9e-05
0.0867757 1.9e-05
0.0870167 1.9e-05
0.0872578 1.9e-05
0.0874988 1.9e-05
0.0877399 1.9e-05
0.0879809 1.9e-05
0.088222 1.9e-05
0.088463 1.9e-05
0.0887041 1.9e-05
0.0889451 1.9e-05
0.0891861 1.9e-05
0.0894272 1.9e-05
0.0896682 1.9e-05
0.0899093 1.9e-05
0.0901503 1.9e-05
0.0903914 1.9e-05
0.0906324 1.9e-05
0.0908734 1.9e-05
0.0911145 1.9e-05
0.0913555 1.9e-05
0.0915966 1.9e-05
0.0918376 1.9e-05
0.0920787 1.9e-05
0.0923197 1.9e-05
0.0925608 1.9e-05
0.0928018 1.9e-05
0.0930428 1.9e-05
0.0932839 1.9e-05
0.0935249 1.9e-05
0.093766 1.9e-05
0.094007 1.9e-05
0.0942481 1.9e-05
0.0944891 1.9e-05
0.0947301 2e-05
0.0949712 2e-05
0.0952122 2e-05
0.0954533 2e-05
0.0956943 2e-05
0.0959354 2e-05
0.0961764 2e-05
0.0964174 2e-05
0.0966585 2e-05
0.0968995 2e-05
0.0971406 2e-05
0.0973816 2e-05
0.0976227 2e-05
0.0978637 2e-05
0.0981048 2e-05
0.0983458 2e-05
0.0985868 2e-05
0.0988279 2e-05
0.0990689 2e-05
0.09931 2e-05
0.099551 2.1e-05
0.0997921 2.1e-05
0.100033 2.1e-05
0.100274 2.1e-05
0.100515 2.1e-05
0.100756 2.1e-05
0.100997 2.1e-05
0.101238 2.1e-05
0.101479 2.1e-05
0.10172 2.1e-05
0.101961 2.1e-05
0.102202 2.1e-05
0.102444 2.2e-05
0.102685 2.2e-05
0.102926 2.2e-05
0.103167 2.2e-05
0.103408 2.2e-05
0.103649 2.2e-05
0.10389 2.2e-05
0.104131 2.2e-05
0.104372 2.2e-05
0.104613 2.2e-05
0.104854 2.2e-05
0.105095 2.2e-05
0.105336 2.2e-05
0.105577 2.2e-05
0.105818 2.2e-05
0.106059 2.2e-05
0.1063 2.2e-05
0.106541 2.2e-05
0.106782 2.2e-05
0.107023 2.2e-05
0.107264 2.3e-05
0.107505 2.3e-05
0.107746 2.3e-05
0.107988 2.3e-05
0.108229 2.3e-05
0.10847 2.3e-05
0.108711 2.4e-05
0.108952 2.4e-05
0.109193 2.4e-05
0.109434 2.4e-05
0.109675 2.4e-05
0.109916 2.4e-05
0.110157 2.4e-05
0.110398 2.4e-05
0.110639 2.4e-05
0.11088 2.4e-05
0.111121 2.4e-05
0.111362 2.4e-05
0.111603 2.4e-05
0.111844 2.4e-05
0.112085 2.4e-05
0.112326 2.4e-05
0.112567 2.4e-05
0.112808 2.4e-05
0.113049 2.4e-05
0.113291 2.5e-05
0.113532 2.5e-05
0.113773 2.5e-05
0.114014 2.6e-05
0.114255 2.6e-05
0.114496 2.6e-05
0.114737 2.6e-05
0.114978 2.6e-05
0.115219 2.6e-05
0.11546 2.6e-05
0.115701 2.6e-05
0.115942 2.6e-05
0.116183 2.6e-05
0.116424 2.6e-05
0.116665 2.6e-05
0.116906 2.6e-05
0.117147 2.6e-05
0.117388 2.6e-05
0.117629 2.6e-05
0.11787 2.6e-05
0.118111 2.6e-05
0.118352 2.6e-05
0.118593 2.6e-05
0.118835 2.6e-05
0.119076 2.6e-05
0.119317 2.6e-05
0.119558 2.6e-05
0.119799 2.6e-05
0.12004 2.7e-05
0.120281 2.7e-05
0.120522 2.7e-05
0.120763 2.7e-05
0.121004 2.7e-05
0.121245 2.7e-05
0.121486 2.7e-05
0.121727 2.7e-05
0.121968 2.7e-05
0.122209 2.7e-05
0.12245 2.7e-05
0.122691 2.7e-05
0.122932 2.7e-05
0.123173 2.7e-05
0.123414 2.7e-05
0.123655 2.7e-05
0.123896 2.7e-05
0.124137 2.8e-05
0.124379 2.8e-05
0.12462 2.9e-05
0.124861 2.9e-05
0.125102 2.9e-05
0.125343 2.9e-05
0.125584 2.9e-05
0.125825 2.9e-05
0.126066 2.9e-05
0.126307 2.9e-05
0.126548 2.9e-05
0.126789 3e-05
0.12703 3e-05
0.127271 3e-05
0.127512 3e-05
0.127753 3e-05
0.127994 3e-05
0.128235 3e-05
0.128476 3e-05
0.128717 3e-05
0.128958 3e-05
0.129199 3e-05
0.12944 3e-05
0.129681 3e-05
0.129923 3e-05
0.130164 3e-05
0.130405 3e-05
0.130646 3e-05
0.130887 3e-05
0.131128 3e-05
0.131369 3e-05
0.13161 3e-05
0.131851 3e-05
0.132092 3e-05
0.132333 3e-05
0.132574 3e-05
0.132815 3e-05
0.133056 3e-05
0.133297 3e-05
0.133538 3e-05
0.133779 3e-05
0.13402 3e-05
0.134261 3e-05
0.134502 3e-05
0.134743 3e-05
0.134984 3e-05
0.135225 3e-05
0.135467 3e-05
0.135708 3e-05
0.135949 3e-05
0.13619 3e-05
0.136431 3e-05
0.136672 3e-05
0.136913 3e-05
0.137154 3e-05
0.137395 3e-05
0.137636 3e-05
0.137877 3.1e-05
0.138118 3.1e-05
0.138359 3.1e-05
0.1386 3.1e-05
0.138841 3.1e-05
0.139082 3.1e-05
0.139323 3.1e-05
0.139564 3.1e-05
0.139805 3.1e-05
0.140046 3.1e-05
0.140287 3.1e-05
0.140528 3.1e-05
0.140769 3.1e-05
0.141011 3.1e-05
0.141252 3.1e-05
0.141493 3.1e-05
0.141734 3.1e-05
0.141975 3.1e-05
0.142216 3.1e-05
0.142457 3.1e-05
0.142698 3.1e-05
0.142939 3.1e-05
0.14318 3.1e-05
0.143421 3.1e-05
0.143662 3.1e-05
0.143903 3.1e-05
0.144144 3.1e-05
0.144385 3.1e-05
0.144626 3.1e-05
0.144867 3.1e-05
0.145108 3.1e-05
0.145349 3.2e-05
0.14559 3.2e-05
0.145831 3.3e-05
0.146072 3.3e-05
0.146313 3.3e-05
0.146555 3.3e-05
0.146796 3.3e-05
0.147037 3.3e-05
0.147278 3.3e-05
0.147519 3.3e-05
0.14776 3.3e-05
0.148001 3.3e-05
0.148242 3.3e-05
0.148483 3.3e-05
0.148724 3.3e-05
0.148965 3.3e-05
0.149206 3.3e-05
0.149447 3.3e-05
0.149688 3.3e-05
0.149929 3.3e-05
0.15017 3.3e-05
0.150411 3.3e-05
0.150652 3.3e-05
0.150893 3.3e-05
0.151134 3.3e-05
0.151375 3.3e-05
0.151616 3.3e-05
0.151857 3.3e-05
0.152099 3.4e-05
0.15234 3.4e-05
0.152581 3.4e-05
0.152822 3.4e-05
0.153063 3.4e-05
0.153304 3.4e-05
0.153545 3.4e-05
0.153786 3.4e-05
0.154027 3.4e-05
0.154268 3.4e-05
0.154509 3.4e-05
0.15475 3.4e-05
0.154991 3.4e-05
0.155232 3.4e-05
0.155473 3.4e-05
0.155714 3.5e-05
0.155955 3.5e-05
0.156196 3.5e-05
0.156437 3.5e-05
0.156678 3.5e-05
0.156919 3.5e-05
0.15716 3.5e-05
0.157401 3.5e-05
0.157643 3.5e-05
0.157884 3.5e-05
0.158125 3.5e-05
0.158366 3.6e-05
0.158607 3.6e-05
0.158848 3.6e-05
0.159089 3.6e-05
0.15933 3.6e-05
0.159571 3.6e-05
0.159812 3.6e-05
0.160053 3.6e-05
0.160294 3.6e-05
0.160535 3.6e-05
0.160776 3.6e-05
0.161017 3.6e-05
0.161258 3.6e-05
0.161499 3.6e-05
0.16174 3.6e-05
0.161981 3.6e-05
0.162222 3.6e-05
0.162463 3.6e-05
0.162704 3.6e-05
0.162945 3.6e-05
0.163187 3.6e-05
0.163428 3.6e-05
0.163669 3.6e-05
0.16391 3.6e-05
0.164151 3.6e-05
0.164392 3.6e-05
0.164633 3.6e-05
0.164874 3.6e-05
0.165115 3.7e-05
0.165356 3.7e-05
0.165597 3.7e-05
0.165838 3.7e-05
0.166079 3.7e-05
0.16632 3.7e-05
0.166561 3.7e-05
0.166802 3.7e-05
0.167043 3.7e-05
0.167284 3.7e-05
0.167525 3.7e-05
0.167766 3.7e-05
0.168007 3.7e-05
0.168248 3.7e-05
0.168489 3.7e-05
0.168731 3.7e-05
0.168972 3.7e-05
0.169213 3.7e-05
0.169454 3.7e-05
0.169695 3.7e-05
0.169936 3.7e-05
0.170177 3.7e-05
0.170418 3.7e-05
0.170659 3.7e-05
0.1709 3.7e-05
0.171141 3.7e-05
0.171382 3.7e-05
0.171623 3.7e-05
0.171864 3.7e-05
0.172105 3.7e-05
0.172346 3.7e-05
0.172587 3.7e-05
0.172828 3.7e-05
0.173069 3.7e-05
0.17331 3.7e-05
0.173551 3.7e-05
0.173792 3.7e-05
0.174033 3.7e-05
0.174275 3.7e-05
0.174516 4.3e-05
0.174757 4.3e-05
0.174998 4.3e-05
0.175239 4.3e-05
0.17548 4.3e-05
0.175721 4.3e-05
0.175962 4.3e-05
0.176203 4.3e-05
0.176444 4.3e-05
0.176685 4.3e-05
0.176926 4.3e-05
0.177167 4.3e-05
0.177408 4.3e-05
0.177649 4.3e-05
0.17789 4.3e-05
0.178131 4.3e-05
0.178372 4.3e-05
0.178613 4.3e-05
0.178854 4.3e-05
0.179095 4.3e-05
0.179336 4.3e-05
0.179577 4.3e-05
0.179819 4.3e-05
0.18006 4.3e-05
0.180301 4.3e-05
0.180542 4.3e-05
0.180783 4.3e-05
0.181024 4.3e-05
0.181265 4.3e-05
0.181506 4.3e-05
0.181747 4.3e-05
0.181988 4.3e-05
0.182229 4.3e-05
0.18247 4.3e-05
0.182711 4.3e-05
0.182952 4.3e-05
0.183193 4.3e-05
0.183434 4.3e-05
0.183675 4.3e-05
0.183916 4.3e-05
0.184157 4.3e-05
0.184398 4.4e-05
0.184639 4.4e-05
0.18488 4.4e-05
0.185122 4.4e-05
0.185363 4.4e-05
0.185604 4.4e-05
0.185845 4.4e-05
0.186086 4.4e-05
0.186327 4.4e-05
0.186568 4.4e-05
0.186809 4.4e-05
0.18705 4.6e-05
0.187291 4.6e-05
0.187532 4.6e-05
0.187773 4.6e-05
0.188014 4.6e-05
0.188255 4.6e-05
0.188496 4.6e-05
0.188737 4.6e-05
0.188978 4.6e-05
0.189219 4.6e-05
0.18946 4.6e-05
0.189701 4.6e-05
0.189942 4.6e-05
0.190183 4.6e-05
0.190424 4.6e-05
0.190666 4.6e-05
0.190907 4.6e-05
0.191148 4.6e-05
0.191389 4.6e-05
0.19163 4.6e-05
0.191871 4.6e-05
0.192112 4.6e-05
0.192353 4.6e-05
0.192594 4.6e-05
0.192835 4.6e-05
0.193076 4.6e-05
0.193317 4.6e-05
0.193558 4.6e-05
0.193799 4.6e-05
0.19404 4.6e-05
0.194281 4.6e-05
0.194522 4.6e-05
0.194763 4.6e-05
0.195004 4.6e-05
0.195245 4.6e-05
0.195486 4.6e-05
0.195727 4.6e-05
0.195968 4.6e-05
0.19621 4.6e-05
0.196451 4.6e-05
0.196692 4.6e-05
0.196933 4.6e-05
0.197174 4.6e-05
0.197415 4.6e-05
0.197656 4.6e-05
0.197897 4.6e-05
0.198138 4.6e-05
0.198379 4.6e-05
0.19862 4.7e-05
0.198861 4.7e-05
0.199102 4.7e-05
0.199343 4.8e-05
0.199584 4.8e-05
0.199825 4.8e-05
0.200066 4.8e-05
0.200307 4.8e-05
0.200548 4.8e-05
0.200789 4.8e-05
0.20103 4.8e-05
0.201271 4.8e-05
0.201512 4.8e-05
0.201754 4.8e-05
0.201995 4.8e-05
0.202236 4.8e-05
0.202477 4.8e-05
0.202718 4.8e-05
0.202959 4.8e-05
0.2032 4.8e-05
0.203441 4.8e-05
0.203682 4.8e-05
0.203923 4.8e-05
0.204164 4.8e-05
0.204405 4.8e-05
0.204646 4.8e-05
0.204887 4.8e-05
0.205128 4.8e-05
0.205369 4.9e-05
0.20561 4.9e-05
0.205851 4.9e-05
0.206092 4.9e-05
0.206333 4.9e-05
0.206574 4.9e-05
0.206815 4.9e-05
0.207056 4.9e-05
0.207298 4.9e-05
0.207539 4.9e-05
0.20778 4.9e-05
0.208021 4.9e-05
0.208262 4.9e-05
0.208503 5e-05
0.208744 5e-05
0.208985 5e-05
0.209226 5e-05
0.209467 5.1e-05
0.209708 5.1e-05
0.209949 5.1e-05
0.21019 5.1e-05
0.210431 5.1e-05
0.210672 5.1e-05
0.210913 5.3e-05
0.211154 5.3e-05
0.211395 5.3e-05
0.211636 5.3e-05
0.211877 5.3e-05
0.212118 5.3e-05
0.212359 5.3e-05
0.2126 5.3e-05
0.212842 5.3e-05
0.213083 5.3e-05
0.213324 5.3e-05
0.213565 5.3e-05
0.213806 5.3e-05
0.214047 5.3e-05
0.214288 5.3e-05
0.214529 5.3e-05
0.21477 5.3e-05
0.215011 5.3e-05
0.215252 5.3e-05
0.215493 5.3e-05
0.215734 5.3e-05
0.215975 5.3e-05
0.216216 5.3e-05
0.216457 5.3e-05
0.216698 5.4e-05
0.216939 5.4e-05
0.21718 5.4e-05
0.217421 5.4e-05
0.217662 5.4e-05
0.217903 5.4e-05
0.218144 5.4e-05
0.218386 5.4e-05
0.218627 5.4e-05
0.218868 5.4e-05
0.219109 5.4e-05
0.21935 5.4e-05
0.219591 5.4e-05
0.219832 5.4e-05
0.220073 5.4e-05
0.220314 5.4e-05
0.220555 5.4e-05
0.220796 5.4e-05
0.221037 5.4e-05
0.221278 5.4e-05
0.221519 5.4e-05
0.22176 5.4e-05
0.222001 5.4e-05
0.222242 5.4e-05
0.222483 5.4e-05
0.222724 5.4e-05
0.222965 5.4e-05
0.223206 5.4e-05
0.223447 5.4e-05
0.223688 5.5e-05
0.22393 5.5e-05
0.224171 5.5e-05
0.224412 5.5e-05
0.224653 5.5e-05
0.224894 5.5e-05
0.225135 5.5e-05
0.225376 5.5e-05
0.225617 5.6e-05
0.225858 5.6e-05
0.226099 5.6e-05
0.22634 5.6e-05
0.226581 5.6e-05
0.226822 5.6e-05
0.227063 5.7e-05
0.227304 5.7e-05
0.227545 5.7e-05
0.227786 5.8e-05
0.228027 5.8e-05
0.228268 5.8e-05
0.228509 5.8e-05
0.22875 5.8e-05
0.228991 5.8e-05
0.229232 5.8e-05
0.229474 5.8e-05
0.229715 5.8e-05
0.229956 5.8e-05
0.230197 5.8e-05
0.230438 5.8e-05
0.230679 5.9e-05
0.23092 5.9e-05
0.231161 5.9e-05
0.231402 5.9e-05
0.231643 5.9e-05
0.231884 5.9e-05
0.232125 5.9e-05
0.232366 5.9e-05
0.232607 5.9e-05
0.232848 5.9e-05
0.233089 5.9e-05
0.23333 5.9e-05
0.233571 5.9e-05
0.233812 5.9e-05
0.234053 5.9e-05
0.234294 5.9e-05
0.234535 5.9e-05
0.234776 5.9e-05
0.235018 5.9e-05
0.235259 5.9e-05
0.2355 6e-05
0.235741 6e-05
0.235982 6e-05
0.236223 6e-05
0.236464 6e-05
0.236705 6e-05
0.236946 6e-05
0.237187 6e-05
0.237428 6e-05
0.237669 6e-05
0.23791 6e-05
0.238151 6e-05
0.238392 6e-05
0.238633 6.1e-05
0.238874 6.1e-05
0.239115 6.1e-05
0.239356 6.1e-05
0.239597 6.3e-05
0.239838 6.3e-05
0.240079 6.3e-05
0.24032 6.3e-05
0.240562 6.3e-05
0.240803 6.3e-05
0.241044 6.3e-05
0.241285 6.3e-05
0.241526 6.3e-05
0.241767 6.3e-05
0.242008 6.3e-05
0.242249 6.3e-05
0.24249 6.3e-05
0.242731 6.3e-05
0.242972 6.3e-05
0.243213 6.3e-05
0.243454 6.3e-05
0.243695 6.7e-05
0.243936 6.7e-05
0.244177 6.7e-05
0.244418 6.7e-05
0.244659 6.7e-05
0.2449 6.7e-05
0.245141 6.7e-05
0.245382 6.7e-05
0.245623 6.7e-05
0.245864 6.7e-05
0.246106 6.7e-05
0.246347 6.7e-05
0.246588 6.7e-05
0.246829 6.7e-05
0.24707 6.7e-05
0.247311 6.7e-05
0.247552 6.7e-05
0.247793 6.7e-05
0.248034 6.7e-05
0.248275 6.7e-05
0.248516 6.7e-05
0.248757 6.7e-05
0.248998 6.7e-05
0.249239 6.7e-05
0.24948 6.7e-05
0.249721 6.8e-05
0.249962 6.8e-05
0.250203 6.8e-05
0.250444 6.8e-05
0.250685 6.8e-05
0.250926 6.9e-05
0.251167 7.1e-05
0.251408 7.1e-05
0.25165 7.2e-05
0.251891 7.2e-05
0.252132 7.2e-05
0.252373 7.2e-05
0.252614 7.2e-05
0.252855 7.2e-05
0.253096 7.2e-05
0.253337 7.8e-05
0.253578 7.8e-05
0.253819 7.8e-05
0.25406 7.8e-05
0.254301 7.8e-05
0.254542 7.8e-05
0.254783 7.8e-05
0.255024 7.9e-05
0.255265 7.9e-05
0.255506 7.9e-05
0.255747 7.9e-05
0.255988 7.9e-05
0.256229 7.9e-05
0.25647 7.9e-05
0.256711 7.9e-05
0.256953 7.9e-05
0.257194 7.9e-05
0.257435 7.9e-05
0.257676 7.9e-05
0.257917 7.9e-05
0.258158 7.9e-05
0.258399 7.9e-05
0.25864 7.9e-05
0.258881 7.9e-05
0.259122 7.9e-05
0.259363 7.9e-05
0.259604 7.9e-05
0.259845 7.9e-05
0.260086 7.9e-05
0.260327 7.9e-05
0.260568 7.9e-05
0.260809 7.9e-05
0.26105 7.9e-05
0.261291 7.9e-05
0.261532 7.9e-05
0.261773 7.9e-05
0.262014 7.9e-05
0.262255 7.9e-05
0.262497 7.9e-05
0.262738 8e-05
0.262979 8e-05
0.26322 9.2e-05
0.263461 9.2e-05
0.263702 9.2e-05
0.263943 9.3e-05
0.264184 9.3e-05
0.264425 9.3e-05
0.264666 9.3e-05
0.264907 9.3e-05
0.265148 9.3e-05
0.265389 9.3e-05
0.26563 9.3e-05
0.265871 9.3e-05
0.266112 9.3e-05
0.266353 9.3e-05
0.266594 9.3e-05
0.266835 9.3e-05
0.267076 9.3e-05
0.267317 9.3e-05
0.267558 9.3e-05
0.267799 9.3e-05
0.268041 9.3e-05
0.268282 9.3e-05
0.268523 9.3e-05
0.268764 9.3e-05
0.269005 9.3e-05
0.269246 9.3e-05
0.269487 9.3e-05
0.269728 9.3e-05
0.269969 9.3e-05
0.27021 9.3e-05
0.270451 9.3e-05
0.270692 9.3e-05
0.270933 9.3e-05
0.271174 9.3e-05
0.271415 9.3e-05
0.271656 9.6e-05
0.271897 9.6e-05
0.272138 9.6e-05
0.272379 9.6e-05
0.27262 9.6e-05
0.272861 9.6e-05
0.273102 9.6e-05
0.273343 9.6e-05
0.273585 9.6e-05
0.273826 9.6e-05
0.274067 9.6e-05
0.274308 9.6e-05
0.274549 9.6e-05
0.27479 9.6e-05
0.275031 9.6e-05
0.275272 9.7e-05
0.275513 9.7e-05
0.275754 9.7e-05
0.275995 9.9e-05
0.276236 9.9e-05
0.276477 9.9e-05
0.276718 9.9e-05
0.276959 9.9e-05
0.2772 9.9e-05
0.277441 9.9e-05
0.277682 9.9e-05
0.277923 9.9e-05
0.278164 9.9e-05
0.278405 9.9e-05
0.278646 9.9e-05
0.278887 0.000101
0.279129 0.000101
0.27937 0.000101
0.279611 0.000101
0.279852 0.000101
0.280093 0.000102
0.280334 0.000102
0.280575 0.000102
0.280816 0.000102
0.281057 0.000102
0.281298 0.000103
0.281539 0.000103
0.28178 0.000104
0.282021 0.000104
0.282262 0.000104
0.282503 0.000104
0.282744 0.000106
0.282985 0.000106
0.283226 0.000106
0.283467 0.000106
0.283708 0.000106
0.283949 0.000106
0.28419 0.000106
0.284431 0.000107
0.284673 0.000107
0.284914 0.000107
0.285155 0.000107
0.285396 0.000107
0.285637 0.000107
0.285878 0.000107
0.286119 0.000107
0.28636 0.000107
0.286601 0.000107
0.286842 0.000107
0.287083 0.000107
0.287324 0.000107
0.287565 0.000107
0.287806 0.000107
0.288047 0.000107
0.288288 0.000107
0.288529 0.000107
0.28877 0.000108
0.289011 0.000108
0.289252 0.000108
0.289493 0.000108
0.289734 0.000108
0.289975 0.000108
0.290217 0.000108
0.290458 0.000108
0.290699 0.000108
0.29094 0.000108
0.291181 0.000108
0.291422 0.000108
0.291663 0.000108
0.291904 0.000108
0.292145 0.000108
0.292386 0.000108
0.292627 0.000108
0.292868 0.000109
0.293109 0.000109
0.29335 0.000109
0.293591 0.000109
0.293832 0.000109
0.294073 0.000109
0.294314 0.000109
0.294555 0.000109
0.294796 0.00011
0.295037 0.00011
0.295278 0.00011
0.295519 0.00011
0.295761 0.00011
0.296002 0.00011
0.296243 0.00011
0.296484 0.00011
0.296725 0.00011
0.296966 0.00011
0.297207 0.00011
0.297448 0.00011
0.297689 0.00011
0.29793 0.00011
0.298171 0.00011
0.298412 0.00011
0.298653 0.00011
0.298894 0.00011
0.299135 0.00011
0.299376 0.00011
0.299617 0.00011
0.299858 0.00011
0.300099 0.00011
0.30034 0.00011
0.300581 0.00011
0.300822 0.00011
0.301063 0.00011
0.301305 0.00011
0.301546 0.00011
0.301787 0.00011
0.302028 0.00011
0.302269 0.000111
0.30251 0.000111
0.302751 0.000111
0.302992 0.000111
0.303233 0.000111
0.303474 0.000111
0.303715 0.000111
0.303956 0.000112
0.304197 0.000112
0.304438 0.000112
0.304679 0.000112
0.30492 0.000112
0.305161 0.000112
0.305402 0.000112
0.305643 0.000113
0.305884 0.000113
0.306125 0.000113
0.306366 0.000113
0.306607 0.000113
0.306849 0.000113
0.30709 0.000113
0.307331 0.000113
0.307572 0.000113
0.307813 0.000114
0.308054 0.000114
0.308295 0.000115
0.308536 0.000115
0.308777 0.000115
0.309018 0.000115
0.309259 0.000115
0.3095 0.000115
0.309741 0.000115
0.309982 0.000115
0.310223 0.000115
0.310464 0.000115
0.310705 0.000115
0.310946 0.000115
0.311187 0.000115
0.311428 0.000115
0.311669 0.000115
0.31191 0.000115
0.312151 0.000115
0.312393 0.000115
0.312634 0.000115
0.312875 0.000115
0.313116 0.000115
0.313357 0.000115
0.313598 0.000115
0.313839 0.000115
0.31408 0.000115
0.314321 0.000115
0.314562 0.000115
0.314803 0.000115
0.315044 0.000115
0.315285 0.000115
0.315526 0.000115
0.315767 0.000115
0.316008 0.000115
0.316249 0.000115
0.31649 0.000115
0.316731 0.000115
0.316972 0.000115
0.317213 0.000115
0.317454 0.000115
0.317695 0.00012
0.317937 0.000124
0.318178 0.000124
0.318419 0.000124
0.31866 0.000125
0.318901 0.000125
0.319142 0.000125
0.319383 0.000125
0.319624 0.000125
0.319865 0.000125
0.320106 0.000125
0.320347 0.000125
0.320588 0.000125
0.320829 0.000125
0.32107 0.000125
0.321311 0.000125
0.321552 0.000125
0.321793 0.000125
0.322034 0.000126
0.322275 0.000126
0.322516 0.000126
0.322757 0.000126
0.322998 0.000126
0.323239 0.000126
0.323481 0.000126
0.323722 0.000126
0.323963 0.000126
0.324204 0.000126
0.324445 0.000128
0.324686 0.000128
0.324927 0.000128
0.325168 0.000128
0.325409 0.000128
0.32565 0.000128
0.325891 0.000128
0.326132 0.000129
0.326373 0.000129
0.326614 0.000129
0.326855 0.000129
0.327096 0.000129
0.327337 0.000131
0.327578 0.000131
0.327819 0.000131
0.32806 0.000132
0.328301 0.000132
0.328542 0.000132
0.328784 0.000132
0.329025 0.000132
0.329266 0.000132
0.329507 0.000132
0.329748 0.000132
0.329989 0.000132
0.33023 0.000132
0.330471 0.000132
0.330712 0.000132
0.330953 0.000132
0.331194 0.000132
0.331435 0.000132
0.331676 0.000132
0.331917 0.000132
0.332158 0.000132
0.332399 0.000132
0.33264 0.000132
0.332881 0.000132
0.333122 0.000132
0.333363 0.000132
0.333604 0.000132
0.333845 0.000132
0.334086 0.000132
0.334328 0.000132
0.334569 0.000132
0.33481 0.000132
0.335051 0.000132
0.335292 0.000132
0.335533 0.000132
0.335774 0.000132
0.336015 0.000132
0.336256 0.000132
0.336497 0.000132
0.336738 0.000132
0.336979 0.000132
0.33722 0.000132
0.337461 0.000132
0.337702 0.000132
0.337943 0.000132
0.338184 0.000132
0.338425 0.000132
0.338666 0.000132
0.338907 0.000132
0.339148 0.000132
0.339389 0.000132
0.33963 0.000132
0.339872 0.000132
0.340113 0.000133
0.340354 0.000133
0.340595 0.000133
0.340836 0.000133
0.341077 0.000133
0.341318 0.000133
0.341559 0.000133
0.3418 0.000133
0.342041 0.000134
0.342282 0.000134
0.342523 0.000134
0.342764 0.000134
0.343005 0.000135
0.343246 0.000135
0.343487 0.000135
0.343728 0.000135
0.343969 0.000135
0.34421 0.000135
0.344451 0.000135
0.344692 0.000135
0.344933 0.000135
0.345174 0.000135
0.345416 0.000135
0.345657 0.000136
0.345898 0.000136
0.346139 0.000136
0.34638 0.000136
0.346621 0.000136
0.346862 0.000136
0.347103 0.000136
0.347344 0.000136
0.347585 0.000136
0.347826 0.000136
0.348067 0.000137
0.348308 0.000137
0.348549 0.000137
0.34879 0.000137
0.349031 0.000137
0.349272 0.000137
0.349513 0.000137
0.349754 0.000137
0.349995 0.000137
0.350236 0.000137
0.350477 0.000137
0.350718 0.000138
0.35096 0.000138
0.351201 0.000138
0.351442 0.000138
0.351683 0.000138
0.351924 0.000138
0.352165 0.000138
0.352406 0.000138
0.352647 0.000138
0.352888 0.000138
0.353129 0.000138
0.35337 0.000138
0.353611 0.000138
0.353852 0.000138
0.354093 0.000138
0.354334 0.000138
0.354575 0.000138
0.354816 0.000138
0.355057 0.000138
0.355298 0.000138
0.355539 0.000138
0.35578 0.00014
0.356021 0.00014
0.356262 0.00014
0.356504 0.00014
0.356745 0.00014
0.356986 0.00014
0.357227 0.00014
0.357468 0.00014
0.357709 0.00014
0.35795 0.00014
0.358191 0.00014
0.358432 0.00014
0.358673 0.00014
0.358914 0.00014
0.359155 0.00014
0.359396 0.00014
0.359637 0.00014
0.359878 0.00014
0.360119 0.00014
0.36036 0.00014
0.360601 0.00014
0.360842 0.000141
0.361083 0.000141
0.361324 0.000142
0.361565 0.000142
0.361806 0.000142
0.362048 0.000143
0.362289 0.000143
0.36253 0.000143
0.362771 0.000143
0.363012 0.000143
0.363253 0.000143
0.363494 0.000143
0.363735 0.000143
0.363976 0.000143
0.364217 0.000143
0.364458 0.000143
0.364699 0.000143
0.36494 0.000143
0.365181 0.000143
0.365422 0.000143
0.365663 0.000144
0.365904 0.000144
0.366145 0.000144
0.366386 0.000144
0.366627 0.000144
0.366868 0.000144
0.367109 0.000144
0.36735 0.000145
0.367592 0.000146
0.367833 0.000146
0.368074 0.000146
0.368315 0.000146
0.368556 0.000146
0.368797 0.000146
0.369038 0.000146
0.369279 0.000146
0.36952 0.000146
0.369761 0.000146
0.370002 0.000146
0.370243 0.000146
0.370484 0.000146
0.370725 0.000146
0.370966 0.000146
0.371207 0.000146
0.371448 0.000146
0.371689 0.000146
0.37193 0.000146
0.372171 0.000146
0.372412 0.000146
0.372653 0.000146
0.372894 0.000146
0.373136 0.000146
0.373377 0.000146
0.373618 0.000146
0.373859 0.000146
0.3741 0.000146
0.374341 0.000146
0.374582 0.000146
0.374823 0.000146
0.375064 0.000146
0.375305 0.000146
0.375546 0.000146
0.375787 0.000146
0.376028 0.000146
0.376269 0.000146
0.37651 0.000154
0.376751 0.000154
0.376992 0.000154
0.377233 0.000154
0.377474 0.000154
0.377715 0.000154
0.377956 0.000154
0.378197 0.000154
0.378438 0.000154
0.37868 0.000154
0.378921 0.000154
0.379162 0.000154
0.379403 0.000154
0.379644 0.000154
0.379885 0.000154
0.380126 0.000154
0.380367 0.000154
0.380608 0.000154
0.380849 0.000154
0.38109 0.000154
0.381331 0.000154
0.381572 0.000154
0.381813 0.000154
0.382054 0.000154
0.382295 0.000154
0.382536 0.000154
0.382777 0.000154
0.383018 0.000154
0.383259 0.000154
0.3835 0.000154
0.383741 0.000154
0.383982 0.000154
0.384224 0.000154
0.384465 0.000154
0.384706 0.000156
0.384947 0.000156
0.385188 0.000156
0.385429 0.000156
0.38567 0.000156
0.385911 0.000156
0.386152 0.000156
0.386393 0.000156
0.386634 0.000156
0.386875 0.000156
0.387116 0.000156
0.387357 0.000156
0.387598 0.000156
0.387839 0.000156
0.38808 0.000159
0.388321 0.000159
0.388562 0.00016
0.388803 0.00016
0.389044 0.00016
0.389285 0.00016
0.389526 0.00016
0.389768 0.00016
0.390009 0.00016
0.39025 0.00016
0.390491 0.00016
0.390732 0.00016
0.390973 0.00016
0.391214 0.00016
0.391455 0.00016
0.391696 0.00016
0.391937 0.00016
0.392178 0.00016
0.392419 0.00016
0.39266 0.000161
0.392901 0.000161
0.393142 0.000161
0.393383 0.000162
0.393624 0.000162
0.393865 0.000162
0.394106 0.000162
0.394347 0.000162
0.394588 0.000162
0.394829 0.000162
0.39507 0.000162
0.395312 0.000162
0.395553 0.000162
0.395794 0.000162
0.396035 0.000162
0.396276 0.000162
0.396517 0.000162
0.396758 0.000162
0.396999 0.000162
0.39724 0.000162
0.397481 0.000162
0.397722 0.000162
0.397963 0.000162
0.398204 0.000162
0.398445 0.000162
0.398686 0.000162
0.398927 0.000162
0.399168 0.000162
0.399409 0.000162
0.39965 0.000162
0.399891 0.000162
0.400132 0.000162
0.400373 0.000163
0.400615 0.000163
0.400856 0.000172
0.401097 0.000172
0.401338 0.000172
0.401579 0.000172
0.40182 0.000172
0.402061 0.000172
0.402302 0.000172
0.402543 0.000173
0.402784 0.000173
0.403025 0.000173
0.403266 0.000173
0.403507 0.000174
0.403748 0.000174
0.403989 0.000174
0.40423 0.000174
0.404471 0.000174
0.404712 0.000174
0.404953 0.000174
0.405194 0.000174
0.405435 0.000174
0.405676 0.000174
0.405917 0.000174
0.406159 0.000174
0.4064 0.000174
0.406641 0.000174
0.406882 0.000174
0.407123 0.000174
0.407364 0.000174
0.407605 0.000176
0.407846 0.000176
0.408087 0.000176
0.408328 0.000176
0.408569 0.000176
0.40881 0.000176
0.409051 0.000176
0.409292 0.000177
0.409533 0.000177
0.409774 0.000178
0.410015 0.000178
0.410256 0.000179
0.410497 0.000179
0.410738 0.000179
0.410979 0.00018
0.41122 0.000181
0.411461 0.000188
0.411703 0.000188
0.411944 0.000188
0.412185 0.000188
0.412426 0.000188
0.412667 0.000188
0.412908 0.000188
0.413149 0.000188
0.41339 0.000188
0.413631 0.000188
0.413872 0.000188
0.414113 0.000188
0.414354 0.000188
0.414595 0.000188
0.414836 0.000188
0.415077 0.000188
0.415318 0.000188
0.415559 0.000188
0.4158 0.000188
0.416041 0.000188
0.416282 0.000188
0.416523 0.000188
0.416764 0.000189
0.417005 0.000189
0.417247 0.000189
0.417488 0.000189
0.417729 0.000189
0.41797 0.000189
0.418211 0.000189
0.418452 0.000189
0.418693 0.000189
0.418934 0.000189
0.419175 0.000202
0.419416 0.000202
0.419657 0.000202
0.419898 0.000202
0.420139 0.000202
0.42038 0.000202
0.420621 0.000202
0.420862 0.000202
0.421103 0.000202
0.421344 0.000202
0.421585 0.000202
0.421826 0.000202
0.422067 0.000202
0.422308 0.000202
0.422549 0.000202
0.422791 0.000202
0.423032 0.000202
0.423273 0.000202
0.423514 0.000202
0.423755 0.000202
0.423996 0.000202
0.424237 0.000202
0.424478 0.000202
0.424719 0.000202
0.42496 0.000202
0.425201 0.000202
0.425442 0.000202
0.425683 0.000202
0.425924 0.000202
0.426165 0.000202
0.426406 0.000202
0.426647 0.000204
0.426888 0.000205
0.427129 0.000205
0.42737 0.000206
0.427611 0.000206
0.427852 0.000206
0.428093 0.000206
0.428335 0.000206
0.428576 0.000208
0.428817 0.000208
0.429058 0.000208
0.429299 0.000208
0.42954 0.000208
0.429781 0.000208
0.430022 0.000208
0.430263 0.000208
0.430504 0.000208
0.430745 0.000208
0.430986 0.000209
0.431227 0.000209
0.431468 0.000209
0.431709 0.000209
0.43195 0.000209
0.432191 0.000209
0.432432 0.000209
0.432673 0.000209
0.432914 0.000209
0.433155 0.000209
0.433396 0.000213
0.433637 0.000213
0.433879 0.000213
0.43412 0.000213
0.434361 0.000213
0.434602 0.000213
0.434843 0.000213
0.435084 0.000213
0.435325 0.000213
0.435566 0.000213
0.435807 0.000213
0.436048 0.000214
0.436289 0.000216
0.43653 0.000216
0.436771 0.000216
0.437012 0.000216
0.437253 0.000216
0.437494 0.000216
0.437735 0.000216
0.437976 0.000216
0.438217 0.000216
0.438458 0.000216
0.438699 0.000216
0.43894 0.000216
0.439181 0.000216
0.439423 0.000216
0.439664 0.000216
0.439905 0.000216
0.440146 0.000216
0.440387 0.000217
0.440628 0.000217
0.440869 0.000217
0.44111 0.000217
0.441351 0.000217
0.441592 0.000217
0.441833 0.000217
0.442074 0.000217
0.442315 0.000217
0.442556 0.000217
0.442797 0.000217
0.443038 0.000217
0.443279 0.000217
0.44352 0.000217
0.443761 0.000217
0.444002 0.000217
0.444243 0.000217
0.444484 0.000217
0.444725 0.000217
0.444967 0.000217
0.445208 0.000217
0.445449 0.000219
0.44569 0.000219
0.445931 0.000219
0.446172 0.000219
0.446413 0.000219
0.446654 0.000219
0.446895 0.000219
0.447136 0.000219
0.447377 0.000219
0.447618 0.000219
0.447859 0.000219
0.4481 0.000219
0.448341 0.000219
0.448582 0.000219
0.448823 0.000219
0.449064 0.00022
0.449305 0.00022
0.449546 0.00022
0.449787 0.000221
0.450028 0.000221
0.450269 0.000221
0.450511 0.000221
0.450752 0.000221
0.450993 0.000221
0.451234 0.000221
0.451475 0.000221
0.451716 0.000221
0.451957 0.000221
0.452198 0.000221
0.452439 0.000221
0.45268 0.000221
0.452921 0.000221
0.453162 0.000221
0.453403 0.000221
0.453644 0.000221
0.453885 0.000222
0.454126 0.000222
0.454367 0.000222
0.454608 0.000222
0.454849 0.000222
0.45509 0.000222
0.455331 0.000222
0.455572 0.000222
0.455813 0.000222
0.456055 0.000222
0.456296 0.000222
0.456537 0.000222
0.456778 0.000222
0.457019 0.000222
0.45726 0.000222
0.457501 0.000222
0.457742 0.000222
0.457983 0.000222
0.458224 0.000222
0.458465 0.000222
0.458706 0.000222
0.458947 0.000222
0.459188 0.000222
0.459429 0.000222
0.45967 0.000222
0.459911 0.000222
0.460152 0.000222
0.460393 0.000222
0.460634 0.000222
0.460875 0.000222
0.461116 0.000223
0.461357 0.000223
0.461599 0.000223
0.46184 0.000223
0.462081 0.000223
0.462322 0.000223
0.462563 0.000223
0.462804 0.000223
0.463045 0.000224
0.463286 0.000224
0.463527 0.000224
0.463768 0.000233
0.464009 0.000233
0.46425 0.000233
0.464491 0.000233
0.464732 0.000233
0.464973 0.000233
0.465214 0.000233
0.465455 0.000234
0.465696 0.000234
0.465937 0.000234
0.466178 0.000234
0.466419 0.000234
0.46666 0.000234
0.466901 0.000234
0.467143 0.000234
0.467384 0.000235
0.467625 0.000235
0.467866 0.000235
0.468107 0.000235
0.468348 0.000235
0.468589 0.000235
0.46883 0.000235
0.469071 0.000235
0.469312 0.000236
0.469553 0.000236
0.469794 0.000236
0.470035 0.000236
0.470276 0.000236
0.470517 0.000236
0.470758 0.000236
0.470999 0.000236
0.47124 0.000236
0.471481 0.000236
0.471722 0.000236
0.471963 0.000236
0.472204 0.000236
0.472446 0.000236
0.472687 0.000236
0.472928 0.000236
0.473169 0.000236
0.47341 0.000236
0.473651 0.000236
0.473892 0.000236
0.474133 0.000236
0.474374 0.000236
0.474615 0.000236
0.474856 0.000236
0.475097 0.000237
0.475338 0.000241
0.475579 0.000241
0.47582 0.000241
0.476061 0.000241
0.476302 0.000241
0.476543 0.000241
0.476784 0.000241
0.477025 0.000241
0.477266 0.000241
0.477507 0.000241
0.477748 0.000241
0.47799 0.000241
0.478231 0.000241
0.478472 0.000241
0.478713 0.000241
0.478954 0.000241
0.479195 0.000242
0.479436 0.000242
0.479677 0.000242
0.479918 0.000242
0.480159 0.000242
0.4804 0.000242
0.480641 0.000242
0.480882 0.000242
0.481123 0.000242
0.481364 0.000242
0.481605 0.000242
0.481846 0.000242
0.482087 0.000242
0.482328 0.000242
0.482569 0.000242
0.48281 0.000242
0.483051 0.000242
0.483292 0.000242
0.483534 0.000242
0.483775 0.000242
0.484016 0.000242
0.484257 0.000242
0.484498 0.000242
0.484739 0.000242
0.48498 0.000245
0.485221 0.000245
0.485462 0.000245
0.485703 0.000245
0.485944 0.000245
0.486185 0.000246
0.486426 0.000247
0.486667 0.000247
0.486908 0.000247
0.487149 0.000247
0.48739 0.000247
0.487631 0.000247
0.487872 0.000247
0.488113 0.000247
0.488354 0.000247
0.488595 0.000247
0.488836 0.000247
0.489078 0.000247
0.489319 0.000247
0.48956 0.000247
0.489801 0.000247
0.490042 0.000247
0.490283 0.000247
0.490524 0.000248
0.490765 0.000248
0.491006 0.000253
0.491247 0.000253
0.491488 0.000253
0.491729 0.000253
0.49197 0.000253
0.492211 0.000253
0.492452 0.000253
0.492693 0.000253
0.492934 0.000253
0.493175 0.000253
0.493416 0.000253
0.493657 0.000253
0.493898 0.000253
0.494139 0.000253
0.49438 0.000253
0.494622 0.000253
0.494863 0.000253
0.495104 0.000253
0.495345 0.000254
0.495586 0.000254
0.495827 0.000254
0.496068 0.000254
0.496309 0.000254
0.49655 0.000254
0.496791 0.000254
0.497032 0.000254
0.497273 0.000254
0.497514 0.000254
0.497755 0.000264
0.497996 0.000264
0.498237 0.000264
0.498478 0.000264
0.498719 0.000264
0.49896 0.000264
0.499201 0.000265
0.499442 0.000265
0.499683 0.000265
0.499924 0.000265
0.500166 0.000265
0.500407 0.000265
0.500648 0.000265
0.500889 0.000265
0.50113 0.000265
0.501371 0.000265
0.501612 0.000265
0.501853 0.000265
0.502094 0.000265
0.502335 0.000265
0.502576 0.000265
0.502817 0.000265
0.503058 0.000265
0.503299 0.000265
0.50354 0.000265
0.503781 0.000265
0.504022 0.000265
0.504263 0.000265
0.504504 0.000267
0.504745 0.000267
0.504986 0.000267
0.505227 0.000267
0.505468 0.000267
0.50571 0.000267
0.505951 0.000267
0.506192 0.000267
0.506433 0.000267
0.506674 0.000267
0.506915 0.000267
0.507156 0.000267
0.507397 0.000268
0.507638 0.000268
0.507879 0.000268
0.50812 0.000268
0.508361 0.000268
0.508602 0.000268
0.508843 0.000268
0.509084 0.000268
0.509325 0.000268
0.509566 0.000268
0.509807 0.000268
0.510048 0.000268
0.510289 0.000268
0.51053 0.000268
0.510771 0.000268
0.511012 0.000268
0.511254 0.000269
0.511495 0.000269
0.511736 0.000269
0.511977 0.000269
0.512218 0.000269
0.512459 0.000269
0.5127 0.000269
0.512941 0.000269
0.513182 0.000269
0.513423 0.000269
0.513664 0.00027
0.513905 0.000271
0.514146 0.000271
0.514387 0.000271
0.514628 0.000271
0.514869 0.000273
0.51511 0.000273
0.515351 0.000273
0.515592 0.000273
0.515833 0.000273
0.516074 0.000273
0.516315 0.000274
0.516556 0.000274
0.516798 0.000274
0.517039 0.000274
0.51728 0.000274
0.517521 0.000274
0.517762 0.000274
0.518003 0.000274
0.518244 0.000276
0.518485 0.000276
0.518726 0.000276
0.518967 0.000276
0.519208 0.000276
0.519449 0.000276
0.51969 0.000276
0.519931 0.000276
0.520172 0.000276
0.520413 0.000277
0.520654 0.000277
0.520895 0.000277
0.521136 0.000278
0.521377 0.000278
0.521618 0.000278
0.521859 0.000279
0.5221 0.000279
0.522342 0.000279
0.522583 0.000279
0.522824 0.000279
0.523065 0.000279
0.523306 0.000279
0.523547 0.000279
0.523788 0.00028
0.524029 0.00028
0.52427 0.00028
0.524511 0.00028
0.524752 0.00028
0.524993 0.00028
0.525234 0.00028
0.525475 0.00028
0.525716 0.00028
0.525957 0.00028
0.526198 0.00028
0.526439 0.00028
0.52668 0.00028
0.526921 0.000283
0.527162 0.000283
0.527403 0.000283
0.527644 0.000286
0.527886 0.000286
0.528127 0.000286
0.528368 0.000286
0.528609 0.000286
0.52885 0.000286
0.529091 0.000286
0.529332 0.000286
0.529573 0.000286
0.529814 0.00029
0.530055 0.00029
0.530296 0.00029
0.530537 0.00029
0.530778 0.000291
0.531019 0.000291
0.53126 0.000292
0.531501 0.000293
0.531742 0.000293
0.531983 0.000293
0.532224 0.000293
0.532465 0.000293
0.532706 0.000293
0.532947 0.000293
0.533188 0.000293
0.53343 0.000293
0.533671 0.000293
0.533912 0.000293
0.534153 0.000293
0.534394 0.000293
0.534635 0.000294
0.534876 0.000294
0.535117 0.000295
0.535358 0.000295
0.535599 0.000295
0.53584 0.000295
0.536081 0.000295
0.536322 0.000295
0.536563 0.000295
0.536804 0.000295
0.537045 0.000295
0.537286 0.000295
0.537527 0.000295
0.537768 0.000295
0.538009 0.000295
0.53825 0.000295
0.538491 0.000301
0.538732 0.000301
0.538974 0.000301
0.539215 0.000301
0.539456 0.000301
0.539697 0.000301
0.539938 0.000301
0.540179 0.000301
0.54042 0.000301
0.540661 0.000301
0.540902 0.000301
0.541143 0.000301
0.541384 0.000301
0.541625 0.000301
0.541866 0.000301
0.542107 0.000301
0.542348 0.000301
0.542589 0.000301
0.54283 0.000301
0.543071 0.000301
0.543312 0.000301
0.543553 0.000301
0.543794 0.000302
0.544035 0.000302
0.544276 0.000302
0.544518 0.000302
0.544759 0.000302
0.545 0.000302
0.545241 0.000302
0.545482 0.000302
0.545723 0.000302
0.545964 0.000302
0.546205 0.000302
0.546446 0.000302
0.546687 0.000302
0.546928 0.000302
0.547169 0.000302
0.54741 0.000302
0.547651 0.000303
0.547892 0.000303
0.548133 0.000303
0.548374 0.000303
0.548615 0.000303
0.548856 0.000303
0.549097 0.000304
0.549338 0.000304
0.549579 0.000304
0.549821 0.000305
0.550062 0.000305
0.550303 0.000305
0.550544 0.000305
0.550785 0.000305
0.551026 0.000305
0.551267 0.000305
0.551508 0.000305
0.551749 0.000305
0.55199 0.000305
0.552231 0.000305
0.552472 0.000305
0.552713 0.000305
0.552954 0.000305
0.553195 0.000305
0.553436 0.000305
0.553677 0.000305
0.553918 0.000305
0.554159 0.000305
0.5544 0.000305
0.554641 0.000305
0.554882 0.000306
0.555123 0.00031
0.555365 0.00031
0.555606 0.000311
0.555847 0.000311
0.556088 0.000311
0.556329 0.000311
0.55657 0.000311
0.556811 0.000311
0.557052 0.000311
0.557293 0.000311
0.557534 0.000312
0.557775 0.000313
0.558016 0.000313
0.558257 0.000313
0.558498 0.000313
0.558739 0.000313
0.55898 0.000313
0.559221 0.000313
0.559462 0.000318
0.559703 0.000318
0.559944 0.000318
0.560185 0.000318
0.560426 0.000318
0.560667 0.000318
0.560909 0.000318
0.56115 0.000318
0.561391 0.000318
0.561632 0.000319
0.561873 0.000319
0.562114 0.000319
0.562355 0.000319
0.562596 0.00032
0.562837 0.00032
0.563078 0.00032
0.563319 0.000325
0.56356 0.000325
0.563801 0.000325
0.564042 0.000325
0.564283 0.000352
0.564524 0.000352
0.564765 0.000352
0.565006 0.000352
0.565247 0.000352
0.565488 0.000352
0.565729 0.000353
0.56597 0.000353
0.566211 0.000353
0.566453 0.000353
0.566694 0.000353
0.566935 0.000353
0.567176 0.000353
0.567417 0.000353
0.567658 0.000354
0.567899 0.000354
0.56814 0.000354
0.568381 0.000354
0.568622 0.000354
0.568863 0.000354
0.569104 0.000354
0.569345 0.000354
0.569586 0.000354
0.569827 0.000354
0.570068 0.000354
0.570309 0.000354
0.57055 0.000354
0.570791 0.000354
0.571032 0.000354
0.571273 0.000354
0.571514 0.000354
0.571755 0.000354
0.571997 0.000354
0.572238 0.000354
0.572479 0.000354
0.57272 0.000354
0.572961 0.000354
0.573202 0.000354
0.573443 0.000354
0.573684 0.000354
0.573925 0.000354
0.574166 0.000355
0.574407 0.000355
0.574648 0.000355
0.574889 0.000355
0.57513 0.000355
0.575371 0.000355
0.575612 0.000355
0.575853 0.000356
0.576094 0.000357
0.576335 0.000357
0.576576 0.000358
0.576817 0.00036
0.577058 0.00036
0.577299 0.00036
0.577541 0.00036
0.577782 0.000361
0.578023 0.000361
0.578264 0.000361
0.578505 0.000361
0.578746 0.000361
0.578987 0.000361
0.579228 0.000361
0.579469 0.000361
0.57971 0.000361
0.579951 0.000361
0.580192 0.000361
0.580433 0.000361
0.580674 0.000361
0.580915 0.000361
0.581156 0.000361
0.581397 0.000362
0.581638 0.000363
0.581879 0.000363
0.58212 0.000366
0.582361 0.000366
0.582602 0.000366
0.582843 0.000366
0.583085 0.000366
0.583326 0.000366
0.583567 0.000366
0.583808 0.000366
0.584049 0.000366
0.58429 0.000366
0.584531 0.000366
0.584772 0.000367
0.585013 0.000367
0.585254 0.000367
0.585495 0.000367
0.585736 0.000367
0.585977 0.000367
0.586218 0.000367
0.586459 0.000367
0.5867 0.000367
0.586941 0.000367
0.587182 0.000367
0.587423 0.000367
0.587664 0.000367
0.587905 0.000367
0.588146 0.000367
0.588387 0.000367
0.588629 0.000367
0.58887 0.000367
0.589111 0.000367
0.589352 0.000367
0.589593 0.000367
0.589834 0.000367
0.590075 0.000367
0.590316 0.000367
0.590557 0.000367
0.590798 0.000367
0.591039 0.000367
0.59128 0.000367
0.591521 0.000367
0.591762 0.000367
0.592003 0.000367
0.592244 0.000367
0.592485 0.000368
0.592726 0.000369
0.592967 0.000369
0.593208 0.00037
0.593449 0.000371
0.59369 0.000371
0.593931 0.000371
0.594173 0.000371
0.594414 0.000371
0.594655 0.000371
0.594896 0.000371
0.595137 0.000372
0.595378 0.000373
0.595619 0.000373
0.59586 0.000373
0.596101 0.000374
0.596342 0.000374
0.596583 0.000375
0.596824 0.000375
0.597065 0.000377
0.597306 0.000616
0.597547 0.000616
0.597788 0.000617
0.598029 0.000617
0.59827 0.000618
0.598511 0.000618
0.598752 0.000618
0.598993 0.000619
0.599234 0.000619
0.599475 0.000619
0.599717 0.000619
0.599958 0.000619
0.600199 0.000619
0.60044 0.000619
0.600681 0.00062
0.600922 0.00062
0.601163 0.00062
0.601404 0.00062
0.601645 0.000621
0.601886 0.000621
0.602127 0.000621
0.602368 0.000621
0.602609 0.000621
0.60285 0.000625
0.603091 0.000625
0.603332 0.000625
0.603573 0.000625
0.603814 0.000625
0.604055 0.000625
0.604296 0.000625
0.604537 0.000625
0.604778 0.000625
0.605019 0.000625
0.605261 0.000626
0.605502 0.000626
0.605743 0.000627
0.605984 0.000627
0.606225 0.000627
0.606466 0.000628
0.606707 0.000628
0.606948 0.000628
0.607189 0.000628
0.60743 0.000628
0.607671 0.000629
0.607912 0.000629
0.608153 0.00063
0.608394 0.00063
0.608635 0.000632
0.608876 0.000634
0.609117 0.000634
0.609358 0.000634
0.609599 0.000634
0.60984 0.000635
0.610081 0.000635
0.610322 0.000637
0.610563 0.000637
0.610805 0.000638
0.611046 0.000638
0.611287 0.000638
0.611528 0.000638
0.611769 0.000638
0.61201 0.000647
0.612251 0.000647
0.612492 0.000647
0.612733 0.000647
0.612974 0.000647
0.613215 0.000647
0.613456 0.000657
0.613697 0.000657
0.613938 0.000657
0.614179 0.000657
0.61442 0.000657
0.614661 0.000657
0.614902 0.000662
0.615143 0.000663
0.615384 0.000663
0.615625 0.000663
0.615866 0.000663
0.616107 0.000663
0.616349 0.000663
0.61659 0.000664
0.616831 0.000666
0.617072 0.000666
0.617313 0.000666
0.617554 0.000666
0.617795 0.000666
0.618036 0.000666
0.618277 0.000666
0.618518 0.00067
0.618759 0.00067
0.619 0.00067
0.619241 0.00067
0.619482 0.000672
0.619723 0.000673
0.619964 0.000673
0.620205 0.000673
0.620446 0.000673
0.620687 0.000674
0.620928 0.000674
0.621169 0.000674
0.62141 0.000674
0.621652 0.000674
0.621893 0.000674
0.622134 0.000684
0.622375 0.000684
0.622616 0.000685
0.622857 0.000685
0.623098 0.000685
0.623339 0.000685
0.62358 0.000706
0.623821 0.000706
0.624062 0.000706
0.624303 0.000706
0.624544 0.000706
0.624785 0.000706
0.625026 0.000706
0.625267 0.000706
0.625508 0.000706
0.625749 0.000706
0.62599 0.000708
0.626231 0.000709
0.626472 0.000709
0.626713 0.000709
0.626954 0.000709
0.627196 0.000709
0.627437 0.000709
0.627678 0.00071
0.627919 0.00071
0.62816 0.00071
0.628401 0.00071
0.628642 0.00071
0.628883 0.000711
0.629124 0.000711
0.629365 0.000711
0.629606 0.000711
0.629847 0.000712
0.630088 0.000722
0.630329 0.000722
0.63057 0.000722
0.630811 0.000723
0.631052 0.000723
0.631293 0.000723
0.631534 0.000723
0.631775 0.000723
0.632016 0.000723
0.632257 0.000723
0.632498 0.000724
0.63274 0.000724
0.632981 0.000724
0.633222 0.000724
0.633463 0.000724
0.633704 0.000724
0.633945 0.000724
0.634186 0.000724
0.634427 0.000724
0.634668 0.000724
0.634909 0.000725
0.63515 0.000725
0.635391 0.000725
0.635632 0.000725
0.635873 0.000725
0.636114 0.000725
0.636355 0.000725
0.636596 0.000726
0.636837 0.000726
0.637078 0.000726
0.637319 0.000726
0.63756 0.000726
0.637801 0.000727
0.638042 0.000727
0.638284 0.000727
0.638525 0.000728
0.638766 0.000729
0.639007 0.00073
0.639248 0.000732
0.639489 0.000732
0.63973 0.000732
0.639971 0.000732
0.640212 0.000733
0.640453 0.001027
0.640694 0.001027
0.640935 0.001027
0.641176 0.001027
0.641417 0.001027
0.641658 0.001027
0.641899 0.001028
0.64214 0.001028
0.642381 0.001028
0.642622 0.001029
0.642863 0.00103
0.643104 0.00103
0.643345 0.00103
0.643586 0.001031
0.643828 0.001031
0.644069 0.001031
0.64431 0.001031
0.644551 0.001031
0.644792 0.001031
0.645033 0.001031
0.645274 0.001031
0.645515 0.001033
0.645756 0.001036
0.645997 0.001036
0.646238 0.001036
0.646479 0.001036
0.64672 0.001041
0.646961 0.001042
0.647202 0.001042
0.647443 0.001043
0.647684 0.001044
0.647925 0.001045
0.648166 0.001045
0.648407 0.001045
0.648648 0.001045
0.648889 0.001047
0.64913 0.001047
0.649372 0.001047
0.649613 0.001047
0.649854 0.001047
0.650095 0.001052
0.650336 0.001052
0.650577 0.001052
0.650818 0.001052
0.651059 0.001052
0.6513 0.001052
0.651541 0.001052
0.651782 0.001054
0.652023 0.001054
0.652264 0.001056
0.652505 0.001056
0.652746 0.001057
0.652987 0.001057
0.653228 0.001058
0.653469 0.001058
0.65371 0.001059
0.653951 0.001059
0.654192 0.001059
0.654433 0.001059
0.654674 0.00106
0.654916 0.00106
0.655157 0.00106
0.655398 0.00106
0.655639 0.00106
0.65588 0.00106
0.656121 0.00106
0.656362 0.001061
0.656603 0.001061
0.656844 0.001061
0.657085 0.001062
0.657326 0.001063
0.657567 0.001063
0.657808 0.001063
0.658049 0.001066
0.65829 0.00107
0.658531 0.00107
0.658772 0.00107
0.659013 0.001071
0.659254 0.001071
0.659495 0.001072
0.659736 0.001072
0.659977 0.001072
0.660218 0.001072
0.66046 0.001072
0.660701 0.001074
0.660942 0.001075
0.661183 0.001075
0.661424 0.001075
0.661665 0.001075
0.661906 0.001077
0.662147 0.001077
0.662388 0.001077
0.662629 0.001077
0.66287 0.001078
0.663111 0.001079
0.663352 0.001079
0.663593 0.00108
0.663834 0.00108
0.664075 0.001081
0.664316 0.001081
0.664557 0.001082
0.664798 0.001082
0.665039 0.001083
0.66528 0.001083
0.665521 0.001083
0.665762 0.001085
0.666004 0.001085
0.666245 0.001085
0.666486 0.001085
0.666727 0.001085
0.666968 0.001086
0.667209 0.001086
0.66745 0.001086
0.667691 0.001087
0.667932 0.001087
0.668173 0.001087
0.668414 0.001087
0.668655 0.001088
0.668896 0.001088
0.669137 0.001089
0.669378 0.001092
0.669619 0.001092
0.66986 0.001092
0.670101 0.001092
0.670342 0.001093
0.670583 0.001093
0.670824 0.001093
0.671065 0.001093
0.671306 0.001093
0.671548 0.001093
0.671789 0.001093
0.67203 0.001093
0.672271 0.001093
0.672512 0.001093
0.672753 0.001095
0.672994 0.001095
0.673235 0.001095
0.673476 0.001095
0.673717 0.001097
0.673958 0.001097
0.674199 0.001097
0.67444 0.001097
0.674681 0.001097
0.674922 0.001097
0.675163 0.001097
0.675404 0.001097
0.675645 0.001097
0.675886 0.001097
0.676127 0.001097
0.676368 0.001116
0.676609 0.001116
0.67685 0.001116
0.677092 0.001124
0.677333 0.001124
0.677574 0.001125
0.677815 0.001125
0.678056 0.001125
0.678297 0.001126
0.678538 0.001126
0.678779 0.001126
0.67902 0.001127
0.679261 0.001127
0.679502 0.001127
0.679743 0.001127
0.679984 0.001127
0.680225 0.001127
0.680466 0.001127
0.680707 0.001127
0.680948 0.001127
0.681189 0.001127
0.68143 0.001127
0.681671 0.001127
0.681912 0.001128
0.682153 0.001129
0.682394 0.001129
0.682636 0.001135
0.682877 0.001136
0.683118 0.001136
0.683359 0.001137
0.6836 0.001137
0.683841 0.001138
0.684082 0.001138
0.684323 0.00114
0.684564 0.001141
0.684805 0.001141
0.685046 0.001142
0.685287 0.001145
0.685528 0.001148
0.685769 0.001148
0.68601 0.001151
0.686251 0.001151
0.686492 0.001151
0.686733 0.001151
0.686974 0.001151
0.687215 0.001151
0.687456 0.001151
0.687697 0.001151
0.687938 0.001153
0.68818 0.001154
0.688421 0.001154
0.688662 0.001154
0.688903 0.001154
0.689144 0.001154
0.689385 0.001154
0.689626 0.001154
0.689867 0.001154
0.690108 0.001154
0.690349 0.001428
0.69059 0.001428
0.690831 0.00143
0.691072 0.00143
0.691313 0.00143
0.691554 0.001431
0.691795 0.001431
0.692036 0.001432
0.692277 0.001432
0.692518 0.001432
0.692759 0.001432
0.693 0.001447
0.693241 0.001447
0.693483 0.001447
0.693724 0.001468
0.693965 0.001468
0.694206 0.001469
0.694447 0.001473
0.694688 0.001473
0.694929 0.001473
0.69517 0.001473
0.695411 0.001474
0.695652 0.001474
0.695893 0.001474
0.696134 0.001474
0.696375 0.001474
0.696616 0.001474
0.696857 0.001527
0.697098 0.001527
0.697339 0.00153
0.69758 0.00153
0.697821 0.001531
0.698062 0.001531
0.698303 0.001531
0.698544 0.001679
0.698785 0.001679
0.699027 0.001679
0.699268 0.00168
0.699509 0.001681
0.69975 0.001681
0.699991 0.001682
0.700232 0.001682
0.700473 0.001682
0.700714 0.001682
0.700955 0.001682
0.701196 0.001683
0.701437 0.001684
0.701678 0.001684
0.701919 0.001684
0.70216 0.00175
0.702401 0.00175
0.702642 0.001751
0.702883 0.001751
0.703124 0.001751
0.703365 0.001752
0.703606 0.001916
0.703847 0.001916
0.704088 0.001931
0.704329 0.001931
0.704571 0.001931
0.704812 0.001934
0.705053 0.001934
0.705294 0.001934
0.705535 0.001935
0.705776 0.001935
0.706017 0.001935
0.706258 0.001935
0.706499 0.001935
0.70674 0.001935
0.706981 0.001935
0.707222 0.001935
0.707463 0.001936
0.707704 0.001938
0.707945 0.001939
0.708186 0.001939
0.708427 0.001939
0.708668 0.001939
0.708909 0.00194
0.70915 0.00194
0.709391 0.00195
0.709632 0.001951
0.709873 0.001951
0.710115 0.001956
0.710356 0.001957
0.710597 0.001958
0.710838 0.001958
0.711079 0.001974
0.71132 0.001977
0.711561 0.001978
0.711802 0.001978
0.712043 0.001978
0.712284 0.001978
0.712525 0.001979
0.712766 0.001984
0.713007 0.001984
0.713248 0.001984
0.713489 0.001985
0.71373 0.001986
0.713971 0.001986
0.714212 0.001987
0.714453 0.001987
0.714694 0.001989
0.714935 0.001989
0.715176 0.001991
0.715417 0.001991
0.715659 0.001992
0.7159 0.001993
0.716141 0.001994
0.716382 0.002007
0.716623 0.002007
0.716864 0.002007
0.717105 0.002007
0.717346 0.002007
0.717587 0.002011
0.717828 0.002012
0.718069 0.002013
0.71831 0.002014
0.718551 0.002014
0.718792 0.002015
0.719033 0.002015
0.719274 0.002015
0.719515 0.002016
0.719756 0.002018
0.719997 0.002019
0.720238 0.002019
0.720479 0.00202
0.72072 0.00202
0.720961 0.00202
0.721203 0.00202
0.721444 0.002025
0.721685 0.002025
0.721926 0.002026
0.722167 0.002027
0.722408 0.002035
0.722649 0.002035
0.72289 0.002036
0.723131 0.002057
0.723372 0.002057
0.723613 0.002057
0.723854 0.002059
0.724095 0.002059
0.724336 0.002059
0.724577 0.002061
0.724818 0.002062
0.725059 0.002062
0.7253 0.002062
0.725541 0.002246
0.725782 0.002246
0.726023 0.002247
0.726264 0.002247
0.726505 0.002257
0.726747 0.002257
0.726988 0.002257
0.727229 0.002257
0.72747 0.002257
0.727711 0.002258
0.727952 0.002258
0.728193 0.002258
0.728434 0.002258
0.728675 0.002258
0.728916 0.002258
0.729157 0.002258
0.729398 0.002343
0.729639 0.002345
0.72988 0.002345
0.730121 0.002348
0.730362 0.002348
0.730603 0.002348
0.730844 0.002348
0.731085 0.00235
0.731326 0.00235
0.731567 0.00235
0.731808 0.002353
0.732049 0.002354
0.732291 0.002354
0.732532 0.002354
0.732773 0.002355
0.733014 0.002355
0.733255 0.002355
0.733496 0.002355
0.733737 0.002357
0.733978 0.002357
0.734219 0.002358
0.73446 0.002359
0.734701 0.002359
0.734942 0.00236
0.735183 0.002362
0.735424 0.002362
0.735665 0.002363
0.735906 0.002363
0.736147 0.002373
0.736388 0.002373
0.736629 0.002376
0.73687 0.002376
0.737111 0.002377
0.737352 0.002379
0.737593 0.002379
0.737835 0.002379
0.738076 0.002379
0.738317 0.002379
0.738558 0.00238
0.738799 0.002385
0.73904 0.002387
0.739281 0.002388
0.739522 0.002389
0.739763 0.00239
0.740004 0.00239
0.740245 0.002392
0.740486 0.002392
0.740727 0.002393
0.740968 0.002399
0.741209 0.0024
0.74145 0.002402
0.741691 0.002403
0.741932 0.002404
0.742173 0.002404
0.742414 0.002405
0.742655 0.002407
0.742896 0.002407
0.743137 0.002408
0.743379 0.002411
0.74362 0.002411
0.743861 0.002412
0.744102 0.002413
0.744343 0.002423
0.744584 0.002423
0.744825 0.002423
0.745066 0.002423
0.745307 0.002424
0.745548 0.002425
0.745789 0.002426
0.74603 0.002431
0.746271 0.002431
0.746512 0.002432
0.746753 0.002432
0.746994 0.002432
0.747235 0.002432
0.747476 0.002433
0.747717 0.002434
0.747958 0.002434
0.748199 0.002434
0.74844 0.002435
0.748681 0.002436
0.748923 0.002438
0.749164 0.002439
0.749405 0.00244
0.749646 0.002441
0.749887 0.002442
0.750128 0.002442
0.750369 0.002445
0.75061 0.002445
0.750851 0.002446
0.751092 0.002448
0.751333 0.002448
0.751574 0.002448
0.751815 0.002448
0.752056 0.002448
0.752297 0.002448
0.752538 0.00245
0.752779 0.002451
0.75302 0.002452
0.753261 0.002453
0.753502 0.002454
0.753743 0.002455
0.753984 0.002455
0.754225 0.002458
0.754467 0.002458
0.754708 0.002459
0.754949 0.00246
0.75519 0.002462
0.755431 0.002462
0.755672 0.002464
0.755913 0.002493
0.756154 0.002494
0.756395 0.002507
0.756636 0.002509
0.756877 0.002515
0.757118 0.002518
0.757359 0.002519
0.7576 0.00252
0.757841 0.00252
0.758082 0.00252
0.758323 0.002523
0.758564 0.002525
0.758805 0.002525
0.759046 0.002528
0.759287 0.002528
0.759528 0.002528
0.759769 0.002528
0.760011 0.002528
0.760252 0.002529
0.760493 0.002532
0.760734 0.002532
0.760975 0.002533
0.761216 0.002533
0.761457 0.002535
0.761698 0.002538
0.761939 0.00254
0.76218 0.002541
0.762421 0.002542
0.762662 0.002542
0.762903 0.002542
0.763144 0.002545
0.763385 0.002546
0.763626 0.002546
0.763867 0.002547
0.764108 0.002547
0.764349 0.002548
0.76459 0.002548
0.764831 0.002552
0.765072 0.002552
0.765314 0.002554
0.765555 0.002555
0.765796 0.002555
0.766037 0.002556
0.766278 0.002556
0.766519 0.00256
0.76676 0.002561
0.767001 0.002563
0.767242 0.002563
0.767483 0.002563
0.767724 0.002563
0.767965 0.002563
0.768206 0.002563
0.768447 0.002564
0.768688 0.002566
0.768929 0.002566
0.76917 0.002566
0.769411 0.002566
0.769652 0.002567
0.769893 0.002567
0.770134 0.002567
0.770375 0.002568
0.770616 0.002569
0.770858 0.002572
0.771099 0.002579
0.77134 0.002582
0.771581 0.002583
0.771822 0.002583
0.772063 0.002583
0.772304 0.002584
0.772545 0.002584
0.772786 0.002585
0.773027 0.002585
0.773268 0.002587
0.773509 0.002588
0.77375 0.002588
0.773991 0.00259
0.774232 0.002596
0.774473 0.002596
0.774714 0.002596
0.774955 0.002597
0.775196 0.002597
0.775437 0.002597
0.775678 0.002603
0.775919 0.002603
0.77616 0.002604
0.776402 0.002604
0.776643 0.002604
0.776884 0.002604
0.777125 0.002604
0.777366 0.002605
0.777607 0.002606
0.777848 0.002606
0.778089 0.002606
0.77833 0.002606
0.778571 0.002635
0.778812 0.002635
0.779053 0.002639
0.779294 0.00264
0.779535 0.00264
0.779776 0.002642
0.780017 0.002646
0.780258 0.002648
0.780499 0.002648
0.78074 0.002654
0.780981 0.002654
0.781222 0.002665
0.781463 0.002667
0.781704 0.00267
0.781946 0.002677
0.782187 0.002677
0.782428 0.002677
0.782669 0.002679
0.78291 0.002681
0.783151 0.002682
0.783392 0.002684
0.783633 0.002684
0.783874 0.002685
0.784115 0.002687
0.784356 0.002687
0.784597 0.002689
0.784838 0.00269
0.785079 0.002692
0.78532 0.002694
0.785561 0.002696
0.785802 0.002697
0.786043 0.002697
0.786284 0.002697
0.786525 0.002697
0.786766 0.002733
0.787007 0.002733
0.787248 0.002733
0.78749 0.002738
0.787731 0.002738
0.787972 0.002738
0.788213 0.002738
0.788454 0.00274
0.788695 0.00274
0.788936 0.002742
0.789177 0.002742
0.789418 0.002742
0.789659 0.002742
0.7899 0.002753
0.790141 0.002754
0.790382 0.002756
0.790623 0.002756
0.790864 0.002758
0.791105 0.00276
0.791346 0.002774
0.791587 0.002775
0.791828 0.002775
0.792069 0.002777
0.79231 0.002777
0.792551 0.002777
0.792792 0.002825
0.793034 0.002827
0.793275 0.002833
0.793516 0.002835
0.793757 0.002837
0.793998 0.002838
0.794239 0.002838
0.79448 0.002839
0.794721 0.002839
0.794962 0.002841
0.795203 0.002841
0.795444 0.002841
0.795685 0.002841
0.795926 0.002842
0.796167 0.002843
0.796408 0.002843
0.796649 0.002843
0.79689 0.002843
0.797131 0.002843
0.797372 0.002843
0.797613 0.002844
0.797854 0.002845
0.798095 0.002846
0.798336 0.002847
0.798578 0.002847
0.798819 0.002848
0.79906 0.002857
0.799301 0.002857
0.799542 0.002857
0.799783 0.002861
0.800024 0.002863
0.800265 0.002863
0.800506 0.002863
0.800747 0.002863
0.800988 0.002863
0.801229 0.002865
0.80147 0.002865
0.801711 0.002866
0.801952 0.002872
0.802193 0.002874
0.802434 0.002875
0.802675 0.002875
0.802916 0.002875
0.803157 0.002876
0.803398 0.002876
0.803639 0.002924
0.80388 0.002925
0.804122 0.002926
0.804363 0.002927
0.804604 0.002928
0.804845 0.002934
0.805086 0.002937
0.805327 0.002937
0.805568 0.002937
0.805809 0.002952
0.80605 0.002954
0.806291 0.002956
0.806532 0.002964
0.806773 0.002965
0.807014 0.002965
0.807255 0.002966
0.807496 0.002968
0.807737 0.002969
0.807978 0.002971
0.808219 0.002988
0.80846 0.002989
0.808701 0.00299
0.808942 0.002997
0.809183 0.00304
0.809424 0.00314
0.809666 0.003142
0.809907 0.003143
0.810148 0.003146
0.810389 0.003147
0.81063 0.003148
0.810871 0.003148
0.811112 0.003156
0.811353 0.003158
0.811594 0.003158
0.811835 0.003159
0.812076 0.00316
0.812317 0.003161
0.812558 0.003161
0.812799 0.003161
0.81304 0.003162
0.813281 0.003997
0.813522 0.003999
0.813763 0.004003
0.814004 0.004004
0.814245 0.004008
0.814486 0.004008
0.814727 0.004008
0.814968 0.004009
0.81521 0.004013
0.815451 0.004013
0.815692 0.004015
0.815933 0.004023
0.816174 0.004026
0.816415 0.004044
0.816656 0.004045
0.816897 0.004047
0.817138 0.004048
0.817379 0.004048
0.81762 0.00405
0.817861 0.00405
0.818102 0.00405
0.818343 0.004056
0.818584 0.004057
0.818825 0.004058
0.819066 0.004058
0.819307 0.004058
0.819548 0.004058
0.819789 0.004113
0.82003 0.004115
0.820271 0.004116
0.820512 0.004119
0.820754 0.00412
0.820995 0.004123
0.821236 0.004124
0.821477 0.004127
0.821718 0.004127
0.821959 0.004128
0.8222 0.004131
0.822441 0.004134
0.822682 0.004136
0.822923 0.004138
0.823164 0.004142
0.823405 0.004144
0.823646 0.004144
0.823887 0.004147
0.824128 0.004148
0.824369 0.004148
0.82461 0.004148
0.824851 0.004149
0.825092 0.00415
0.825333 0.004151
0.825574 0.004153
0.825815 0.004154
0.826056 0.004154
0.826298 0.004181
0.826539 0.004181
0.82678 0.004185
0.827021 0.004186
0.827262 0.004186
0.827503 0.004236
0.827744 0.004237
0.827985 0.004241
0.828226 0.004241
0.828467 0.004246
0.828708 0.004246
0.828949 0.004254
0.82919 0.004255
0.829431 0.004257
0.829672 0.004258
0.829913 0.004259
0.830154 0.004263
0.830395 0.004263
0.830636 0.004265
0.830877 0.004279
0.831118 0.00428
0.831359 0.004281
0.8316 0.004282
0.831842 0.004285
0.832083 0.004289
0.832324 0.00429
0.832565 0.004304
0.832806 0.004315
0.833047 0.004318
0.833288 0.004318
0.833529 0.00432
0.83377 0.004322
0.834011 0.004332
0.834252 0.004334
0.834493 0.004336
0.834734 0.004336
0.834975 0.004337
0.835216 0.004338
0.835457 0.004342
0.835698 0.004342
0.835939 0.004342
0.83618 0.004343
0.836421 0.004344
0.836662 0.004344
0.836903 0.004344
0.837145 0.004346
0.837386 0.004347
0.837627 0.004387
0.837868 0.004388
0.838109 0.004388
0.83835 0.004389
0.838591 0.004396
0.838832 0.004397
0.839073 0.004397
0.839314 0.004398
0.839555 0.004398
0.839796 0.004399
0.840037 0.004399
0.840278 0.004406
0.840519 0.004409
0.84076 0.004409
0.841001 0.004411
0.841242 0.004412
0.841483 0.004412
0.841724 0.004413
0.841965 0.004413
0.842206 0.004414
0.842447 0.004417
0.842689 0.004417
0.84293 0.004425
0.843171 0.004426
0.843412 0.004426
0.843653 0.004427
0.843894 0.004434
0.844135 0.004436
0.844376 0.004448
0.844617 0.004449
0.844858 0.004461
0.845099 0.004465
0.84534 0.004472
0.845581 0.004474
0.845822 0.00461
0.846063 0.004611
0.846304 0.004611
0.846545 0.004612
0.846786 0.004711
0.847027 0.004711
0.847268 0.004712
0.847509 0.004715
0.84775 0.00472
0.847991 0.00472
0.848233 0.00472
0.848474 0.004721
0.848715 0.004721
0.848956 0.004723
0.849197 0.004724
0.849438 0.004725
0.849679 0.004732
0.84992 0.004733
0.850161 0.004818
0.850402 0.004819
0.850643 0.004821
0.850884 0.004825
0.851125 0.004827
0.851366 0.004829
0.851607 0.00483
0.851848 0.004833
0.852089 0.004833
0.85233 0.004834
0.852571 0.00484
0.852812 0.004841
0.853053 0.004841
0.853294 0.004841
0.853535 0.004852
0.853777 0.004853
0.854018 0.004886
0.854259 0.004886
0.8545 0.004889
0.854741 0.004889
0.854982 0.00489
0.855223 0.004896
0.855464 0.004897
0.855705 0.004902
0.855946 0.004903
0.856187 0.004904
0.856428 0.004907
0.856669 0.004908
0.85691 0.004909
0.857151 0.004909
0.857392 0.004914
0.857633 0.004936
0.857874 0.004939
0.858115 0.00494
0.858356 0.00494
0.858597 0.004941
0.858838 0.004944
0.859079 0.004955
0.859321 0.004956
0.859562 0.004956
0.859803 0.004957
0.860044 0.004959
0.860285 0.004961
0.860526 0.004964
0.860767 0.005022
0.861008 0.005022
0.861249 0.005023
0.86149 0.005024
0.861731 0.005024
0.861972 0.005026
0.862213 0.005027
0.862454 0.005053
0.862695 0.005054
0.862936 0.005058
0.863177 0.005085
0.863418 0.005088
0.863659 0.005089
0.8639 0.005119
0.864141 0.00512
0.864382 0.005121
0.864623 0.005122
0.864865 0.005123
0.865106 0.00513
0.865347 0.00513
0.865588 0.005131
0.865829 0.005134
0.86607 0.005134
0.866311 0.005134
0.866552 0.005134
0.866793 0.005135
0.867034 0.005137
0.867275 0.005141
0.867516 0.005142
0.867757 0.005142
0.867998 0.005216
0.868239 0.005219
0.86848 0.005289
0.868721 0.00529
0.868962 0.005321
0.869203 0.005392
0.869444 0.005394
0.869685 0.005396
0.869926 0.005399
0.870167 0.005401
0.870409 0.005403
0.87065 0.005404
0.870891 0.005407
0.871132 0.005414
0.871373 0.005419
0.871614 0.005422
0.871855 0.005423
0.872096 0.005423
0.872337 0.005425
0.872578 0.005435
0.872819 0.005446
0.87306 0.00545
0.873301 0.005453
0.873542 0.005457
0.873783 0.005458
0.874024 0.005459
0.874265 0.005461
0.874506 0.005465
0.874747 0.005469
0.874988 0.00547
0.875229 0.005478
0.87547 0.005482
0.875711 0.000558
0.875953 0.000558
0.876194 0.000558
0.876435 0.000558
0.876676 0.000558
0.876917 0.000583
0.877158 0.000583
0.877399 0.000584
0.87764 0.000584
0.877881 0.000585
0.878122 0.000585
0.878363 0.000585
0.878604 0.000585
0.878845 0.000585
0.879086 0.000585
0.879327 0.000585
0.879568 0.000586
0.879809 0.000586
0.88005 0.000586
0.880291 0.000586
0.880532 0.000586
0.880773 0.000586
0.881014 0.000588
0.881255 0.000588
0.881497 0.000588
0.881738 0.000588
0.881979 0.000588
0.88222 0.000588
0.882461 0.000588
0.882702 0.000589
0.882943 0.000589
0.883184 0.000589
0.883425 0.000589
0.883666 0.000589
0.883907 0.000589
0.884148 0.000589
0.884389 0.000589
0.88463 0.000589
0.884871 0.000589
0.885112 0.000589
0.885353 0.000589
0.885594 0.000589
0.885835 0.000589
0.886076 0.00059
0.886317 0.00059
0.886558 0.00059
0.886799 0.000591
0.887041 0.000591
0.887282 0.000591
0.887523 0.000591
0.887764 0.000592
0.888005 0.000592
0.888246 0.000592
0.888487 0.000592
0.888728 0.000592
0.888969 0.000593
0.88921 0.000593
0.889451 0.000593
0.889692 0.000593
0.889933 0.000593
0.890174 0.000593
0.890415 0.000593
0.890656 0.000593
0.890897 0.000593
0.891138 0.000593
0.891379 0.000593
0.89162 0.000593
0.891861 0.000593
0.892102 0.000593
0.892343 0.000593
0.892585 0.000593
0.892826 0.000593
0.893067 0.000593
0.893308 0.000593
0.893549 0.000593
0.89379 0.000594
0.894031 0.000594
0.894272 0.000594
0.894513 0.000594
0.894754 0.000594
0.894995 0.000594
0.895236 0.000595
0.895477 0.000595
0.895718 0.000595
0.895959 0.000595
0.8962 0.000595
0.896441 0.000595
0.896682 0.000595
0.896923 0.000597
0.897164 0.000597
0.897405 0.000597
0.897646 0.000597
0.897887 0.000597
0.898129 0.000598
0.89837 0.000598
0.898611 0.000598
0.898852 0.000598
0.899093 0.000598
0.899334 0.000598
0.899575 0.000598
0.899816 0.000598
0.900057 0.000598
0.900298 0.000599
0.900539 0.000599
0.90078 0.000599
0.901021 0.000599
0.901262 0.000599
0.901503 0.000599
0.901744 0.000599
0.901985 0.0006
0.902226 0.000601
0.902467 0.000601
0.902708 0.000601
0.902949 0.000618
0.90319 0.000618
0.903431 0.000618
0.903673 0.000618
0.903914 0.000618
0.904155 0.000618
0.904396 0.000618
0.904637 0.000618
0.904878 0.000618
0.905119 0.000618
0.90536 0.000618
0.905601 0.000619
0.905842 0.000619
0.906083 0.000619
0.906324 0.000619
0.906565 0.000619
0.906806 0.000619
0.907047 0.000619
0.907288 0.000619
0.907529 0.000619
0.90777 0.000619
0.908011 0.000619
0.908252 0.000619
0.908493 0.000619
0.908734 0.000619
0.908976 0.000619
0.909217 0.000619
0.909458 0.00062
0.909699 0.000622
0.90994 0.000622
0.910181 0.000622
0.910422 0.000622
0.910663 0.000623
0.910904 0.000623
0.911145 0.000623
0.911386 0.000623
0.911627 0.000623
0.911868 0.000623
0.912109 0.000623
0.91235 0.000623
0.912591 0.000623
0.912832 0.000623
0.913073 0.000625
0.913314 0.000625
0.913555 0.000625
0.913796 0.000626
0.914037 0.000627
0.914278 0.000627
0.91452 0.000627
0.914761 0.000627
0.915002 0.000627
0.915243 0.000627
0.915484 0.000627
0.915725 0.000627
0.915966 0.000627
0.916207 0.000627
0.916448 0.000629
0.916689 0.000629
0.91693 0.000629
0.917171 0.000629
0.917412 0.000629
0.917653 0.000629
0.917894 0.00063
0.918135 0.00063
0.918376 0.00063
0.918617 0.00063
0.918858 0.00063
0.919099 0.00063
0.91934 0.00063
0.919581 0.00063
0.919822 0.000631
0.920064 0.000631
0.920305 0.000789
0.920546 0.00079
0.920787 0.000791
0.921028 0.000792
0.921269 0.000792
0.92151 0.000793
0.921751 0.000793
0.921992 0.000793
0.922233 0.000793
0.922474 0.000793
0.922715 0.000793
0.922956 0.000793
0.923197 0.000793
0.923438 0.000793
0.923679 0.000793
0.92392 0.000793
0.924161 0.000793
0.924402 0.000795
0.924643 0.000796
0.924884 0.000796
0.925125 0.000796
0.925366 0.000796
0.925608 0.000797
0.925849 0.000797
0.92609 0.000797
0.926331 0.000797
0.926572 0.000797
0.926813 0.000797
0.927054 0.000797
0.927295 0.000797
0.927536 0.000798
0.927777 0.000799
0.928018 0.000799
0.928259 0.000799
0.9285 0.0008
0.928741 0.0008
0.928982 0.0008
0.929223 0.0008
0.929464 0.000801
0.929705 0.000801
0.929946 0.000801
0.930187 0.000801
0.930428 0.000801
0.930669 0.000801
0.93091 0.000802
0.931152 0.000802
0.931393 0.000802
0.931634 0.000802
0.931875 0.000802
0.932116 0.000802
0.932357 0.000802
0.932598 0.000802
0.932839 0.000803
0.93308 0.000803
0.933321 0.000815
0.933562 0.000815
0.933803 0.000815
0.934044 0.000817
0.934285 0.000818
0.934526 0.000818
0.934767 0.000818
0.935008 0.000818
0.935249 0.000818
0.93549 0.000818
0.935731 0.000818
0.935972 0.000818
0.936213 0.000818
0.936454 0.000818
0.936696 0.000818
0.936937 0.000818
0.937178 0.000818
0.937419 0.000818
0.93766 0.000818
0.937901 0.000818
0.938142 0.000818
0.938383 0.000818
0.938624 0.000818
0.938865 0.000828
0.939106 0.000828
0.939347 0.000828
0.939588 0.000828
0.939829 0.00083
0.94007 0.00083
0.940311 0.00083
0.940552 0.000831
0.940793 0.000832
0.941034 0.000835
0.941275 0.000892
0.941516 0.000892
0.941757 0.000892
0.941998 0.000892
0.94224 0.000892
0.942481 0.000894
0.942722 0.000895
0.942963 0.000895
0.943204 0.000895
0.943445 0.000895
0.943686 0.000895
0.943927 0.000895
0.944168 0.000896
0.944409 0.000896
0.94465 0.000896
0.944891 0.0009
0.945132 0.0009
0.945373 0.0009
0.945614 0.0009
0.945855 0.0009
0.946096 0.0009
0.946337 0.0009
0.946578 0.0009
0.946819 0.0009
0.94706 0.0009
0.947301 0.0009
0.947542 0.0009
0.947784 0.0009
0.948025 0.000901
0.948266 0.000901
0.948507 0.000901
0.948748 0.000901
0.948989 0.000901
0.94923 0.000901
0.949471 0.000901
0.949712 0.000901
0.949953 0.000901
0.950194 0.000901
0.950435 0.000901
0.950676 0.000901
0.950917 0.000901
0.951158 0.000901
0.951399 0.000901
0.95164 0.000901
0.951881 0.000901
0.952122 0.000902
0.952363 0.000902
0.952604 0.000902
0.952845 0.000902
0.953086 0.000902
0.953328 0.000902
0.953569 0.000902
0.95381 0.000902
0.954051 0.000902
0.954292 0.000902
0.954533 0.000902
0.954774 0.000903
0.955015 0.000903
0.955256 0.000903
0.955497 0.000903
0.955738 0.000903
0.955979 0.000904
0.95622 0.000904
0.956461 0.000904
0.956702 0.000904
0.956943 0.000905
0.957184 0.000905
0.957425 0.000905
0.957666 0.000905
0.957907 0.000905
0.958148 0.000905
0.958389 0.000905
0.95863 0.000905
0.958872 0.000905
0.959113 0.000905
0.959354 0.000905
0.959595 0.000905
0.959836 0.000905
0.960077 0.000905
0.960318 0.000906
0.960559 0.000906
0.9608 0.000906
0.961041 0.000906
0.961282 0.000906
0.961523 0.000906
0.961764 0.000906
0.962005 0.000906
0.962246 0.000906
0.962487 0.000906
0.962728 0.000906
0.962969 0.000906
0.96321 0.000906
0.963451 0.000906
0.963692 0.000906
0.963933 0.000906
0.964174 0.000906
0.964416 0.00057
0.964657 0.00057
0.964898 0.00057
0.965139 0.00057
0.96538 0.00057
0.965621 0.00057
0.965862 0.00057
0.966103 0.00057
0.966344 0.000571
0.966585 0.000572
0.966826 0.000572
0.967067 0.000572
0.967308 0.000572
0.967549 0.000572
0.96779 0.000572
0.968031 0.000572
0.968272 0.000572
0.968513 0.000572
0.968754 0.000572
0.968995 0.000572
0.969236 0.000572
0.969477 0.000572
0.969718 0.000572
0.96996 0.000573
0.970201 0.000573
0.970442 0.000573
0.970683 0.000573
0.970924 0.000573
0.971165 0.000574
0.971406 0.000574
0.971647 0.000574
0.971888 0.000574
0.972129 0.000574
0.97237 0.000574
0.972611 0.000574
0.972852 0.000574
0.973093 0.000574
0.973334 0.000575
0.973575 0.000575
0.973816 0.000576
0.974057 0.000577
0.974298 0.000577
0.974539 0.000577
0.97478 0.000577
0.975021 0.000577
0.975262 0.000583
0.975504 0.000583
0.975745 0.000583
0.975986 0.000583
0.976227 0.000583
0.976468 0.000583
0.976709 0.000583
0.97695 0.000583
0.977191 0.000583
0.977432 0.000583
0.977673 0.000585
0.977914 0.000585
0.978155 0.000585
0.978396 0.000585
0.978637 0.000586
0.978878 0.000586
0.979119 0.000587
0.97936 0.000589
0.979601 0.000589
0.979842 0.000589
0.980083 0.000589
0.980324 0.000589
0.980565 0.000589
0.980806 0.000589
0.981048 0.000589
0.981289 0.000595
0.98153 0.000595
0.981771 0.000595
0.982012 0.000595
0.982253 0.000595
0.982494 0.000595
0.982735 0.000595
0.982976 0.000595
0.983217 0.000595
0.983458 0.000597
0.983699 0.000597
0.98394 0.000597
0.984181 0.000597
0.984422 0.000597
0.984663 0.000597
0.984904 0.000597
0.985145 0.000597
0.985386 0.000597
0.985627 0.000597
0.985868 0.000597
0.986109 0.000597
0.986351 0.000597
0.986592 0.000597
0.986833 0.000597
0.987074 0.000597
0.987315 0.000597
0.987556 0.000597
0.987797 0.000598
0.988038 0.000598
0.988279 0.000598
0.98852 0.000598
0.988761 0.000598
0.989002 0.000598
0.989243 0.000598
0.989484 0.000598
0.989725 0.000402
0.989966 0.000402
0.990207 0.000408
0.990448 0.000408
0.990689 0.000409
0.99093 0.000409
0.991171 0.000409
0.991412 0.000409
0.991653 0.000409
0.991895 0.000409
0.992136 0.000409
0.992377 0.000409
0.992618 0.000409
0.992859 0.000409
0.9931 0.00041
0.993341 0.00041
0.993582 0.00041
0.993823 0.00041
0.994064 0.00041
0.994305 0.000411
0.994546 0.000411
0.994787 0.000411
0.995028 0.000411
0.995269 0.000411
0.99551 0.000411
0.995751 0.000411
0.995992 0.000411
0.996233 0.000411
0.996474 0.000411
0.996715 0.000411
0.996956 0.000411
0.997197 0.000411
0.997439 0.000411
0.99768 0.000412
0.997921 0.000412
0.998162 0.000412
0.998403 0.000412
0.998644 0.000412
0.998885 0.000412
0.999126 0.000412
0.999367 0.000412
0.999608 0.000412
0.999849 0.000412
