0 1
0.000241292 1
0.000482584 1
0.000723877 1
0.000965169 1.0015
0.00120646 1.00179
0.00144775 1.00208
0.00168905 1.00238
0.00193034 1.00271
0.00217163 1.00301
0.00241292 1.00331
0.00265421 1.00361
0.00289551 1.00391
0.0031368 1.00422
0.00337809 1.00452
0.00361938 1.00482
0.00386067 1.00512
0.00410197 1.00542
0.00434326 1.00573
0.00458455 1.00603
0.00482584 1.00634
0.00506714 1.00664
0.00530843 1.00694
0.00554972 1.00723
0.00579101 1.00754
0.0060323 1.00784
0.0062736 1.00814
0.00651489 1.00845
0.00675618 1.00876
0.00699747 1.00906
0.00723877 1.00938
0.00748006 1.00969
0.00772135 1.00999
0.00796264 1.01029
0.00820393 1.01059
0.00844523 1.0109
0.00868652 1.01121
0.00892781 1.01151
0.0091691 1.01181
0.00941039 1.01212
0.00965169 1.01243
0.00989298 1.01274
0.0101343 1.01305
0.0103756 1.01336
0.0106169 1.01367
0.0108581 1.01398
0.0110994 1.01428
0.0113407 1.01459
0.011582 1.0149
0.0118233 1.01521
0.0120646 1.0155
0.0123059 1.01581
0.0125472 1.01613
0.0127885 1.01644
0.0130298 1.01682
0.0132711 1.01714
0.0135124 1.01746
0.0137537 1.01776
0.0139949 1.01806
0.0142362 1.01837
0.0144775 1.01868
0.0147188 1.01899
0.0149601 1.01931
0.0152014 1.01961
0.0154427 1.01993
0.015684 1.02023
0.0159253 1.02055
0.0161666 1.02086
0.0164079 1.02117
0.0166492 1.02144
0.0168905 1.02175
0.0171317 1.02206
0.017373 1.02237
0.0176143 1.02269
0.0178556 1.02297
0.0180969 1.02337
0.0183382 1.0237
0.0185795 1.02401
0.0188208 1.02432
0.0190621 1.02463
0.0193034 1.02494
0.0195447 1.02525
0.019786 1.02557
0.0200272 1.0259
0.0202685 1.02621
0.0205098 1.02653
0.0207511 1.02685
0.0209924 1.02717
0.0212337 1.0275
0.021475 1.02781
0.0217163 1.0281
0.0219576 1.0284
0.0221989 1.02871
0.0224402 1.02899
0.0226815 1.0293
0.0229228 1.02961
0.023164 1.02993
0.0234053 1.03026
0.0236466 1.03058
0.0238879 1.03089
0.0241292 1.03123
0.0243705 1.03155
0.0246118 1.03187
0.0248531 1.03218
0.0250944 1.03262
0.0253357 1.03293
0.025577 1.03325
0.0258183 1.03357
0.0260596 1.03389
0.0263008 1.03421
0.0265421 1.03452
0.0267834 1.03483
0.0270247 1.03515
0.027266 1.03547
0.0275073 1.03578
0.0277486 1.0361
0.0279899 1.03641
0.0282312 1.03676
0.0284725 1.03707
0.0287138 1.0374
0.0289551 1.03771
0.0291964 1.03802
0.0294376 1.03835
0.0296789 1.03869
0.0299202 1.03901
0.0301615 1.03934
0.0304028 1.03967
0.0306441 1.04
0.0308854 1.04031
0.0311267 1.04057
0.031368 1.0409
0.0316093 1.04122
0.0318506 1.04155
0.0320919 1.04187
0.0323332 1.04221
0.0325744 1.04254
0.0328157 1.04294
0.033057 1.04325
0.0332983 1.04358
0.0335396 1.04391
0.0337809 1.04424
0.0340222 1.04457
0.0342635 1.0449
0.0345048 1.04523
0.0347461 1.04557
0.0349874 1.04591
0.0352287 1.04625
0.0354699 1.04658
0.0357112 1.04689
0.0359525 1.04722
0.0361938 1.04754
0.0364351 1.04786
0.0366764 1.04817
0.0369177 1.04852
0.037159 1.04885
0.0374003 1.04919
0.0376416 1.04953
0.0378829 1.04985
0.0381242 1.05017
0.0383655 1.0505
0.0386067 1.05084
0.038848 1.05116
0.0390893 1.05149
0.0393306 1.05181
0.0395719 1.05213
0.0398132 1.05249
0.0400545 1.05282
0.0402958 1.05315
0.0405371 1.0535
0.0407784 1.05383
0.0410197 1.05407
0.041261 1.0544
0.0415023 1.05475
0.0417435 1.0551
0.0419848 1.05543
0.0422261 1.05578
0.0424674 1.05611
0.0427087 1.05644
0.04295 1.05677
0.0431913 1.05723
0.0434326 1.05745
0.0436739 1.05781
0.0439152 1.05814
0.0441565 1.05847
0.0443978 1.0588
0.0446391 1.05912
0.0448803 1.05944
0.0451216 1.05977
0.0453629 1.06013
0.0456042 1.06046
0.0458455 1.06079
0.0460868 1.06113
0.0463281 1.06148
0.0465694 1.06182
0.0468107 1.06216
0.047052 1.06249
0.0472933 1.06281
0.0475346 1.06314
0.0477758 1.06352
0.0480171 1.06384
0.0482584 1.06416
0.0484997 1.06449
0.048741 1.06483
0.0489823 1.06516
0.0492236 1.06549
0.0494649 1.06584
0.0497062 1.06618
0.0499475 1.0665
0.0501888 1.06685
0.0504301 1.06708
0.0506714 1.06741
0.0509126 1.06774
0.0511539 1.06811
0.0513952 1.06845
0.0516365 1.06878
0.0518778 1.06912
0.0521191 1.06948
0.0523604 1.06981
0.0526017 1.07013
0.052843 1.07046
0.0530843 1.07081
0.0533256 1.07118
0.0535669 1.0715
0.0538082 1.07186
0.0540494 1.07222
0.0542907 1.07257
0.054532 1.0729
0.0547733 1.07324
0.0550146 1.07358
0.0552559 1.0742
0.0554972 1.07453
0.0557385 1.07487
0.0559798 1.07523
0.0562211 1.07557
0.0564624 1.07591
0.0567037 1.07626
0.056945 1.07661
0.0571862 1.07695
0.0574275 1.07727
0.0576688 1.07763
0.0579101 1.07798
0.0581514 1.0783
0.0583927 1.07864
0.058634 1.07896
0.0588753 1.07932
0.0591166 1.07966
0.0593579 1.08002
0.0595992 1.08036
0.0598405 1.08072
0.0600817 1.08109
0.060323 1.08142
0.0605643 1.08178
0.0608056 1.08217
0.0610469 1.08237
0.0612882 1.08275
0.0615295 1.08309
0.0617708 1.08342
0.0620121 1.08375
0.0622534 1.08412
0.0624947 1.08446
0.062736 1.08479
0.0629773 1.08512
0.0632185 1.08546
0.0634598 1.08581
0.0637011 1.08614
0.0639424 1.08649
0.0641837 1.0869
0.064425 1.08725
0.0646663 1.0876
0.0649076 1.08796
0.0651489 1.08831
0.0653902 1.08887
0.0656315 1.0893
0.0658728 1.08965
0.0661141 1.09
0.0663553 1.09036
0.0665966 1.09069
0.0668379 1.09107
0.0670792 1.0914
0.0673205 1.09174
0.0675618 1.0921
0.0678031 1.09247
0.0680444 1.09287
0.0682857 1.09328
0.068527 1.09373
0.0687683 1.09406
0.0690096 1.09442
0.0692509 1.0948
0.0694921 1.09515
0.0697334 1.09556
0.0699747 1.09598
0.070216 1.09636
0.0704573 1.09669
0.0706986 1.09703
0.0709399 1.09738
0.0711812 1.09773
0.0714225 1.09808
0.0716638 1.09844
0.0719051 1.09877
0.0721464 1.09914
0.0723877 1.0995
0.0726289 1.09985
0.0728702 1.1002
0.0731115 1.10058
0.0733528 1.10099
0.0735941 1.10136
0.0738354 1.10172
0.0740767 1.10205
0.074318 1.1024
0.0745593 1.10275
0.0748006 1.10313
0.0750419 1.10349
0.0752832 1.10388
0.0755244 1.10422
0.0757657 1.10461
0.076007 1.10498
0.0762483 1.10532
0.0764896 1.10566
0.0767309 1.10601
0.0769722 1.10641
0.0772135 1.10678
0.0774548 1.10713
0.0776961 1.10749
0.0779374 1.10785
0.0781787 1.10819
0.07842 1.10857
0.0786612 1.10896
0.0789025 1.10937
0.0791438 1.10973
0.0793851 1.11012
0.0796264 1.11052
0.0798677 1.11089
0.080109 1.11125
0.0803503 1.1116
0.0805916 1.112
0.0808329 1.11241
0.0810742 1.11277
0.0813155 1.11312
0.0815568 1.11351
0.081798 1.11388
0.0820393 1.11426
0.0822806 1.11461
0.0825219 1.11503
0.0827632 1.1154
0.0830045 1.11576
0.0832458 1.1162
0.0834871 1.11654
0.0837284 1.11693
0.0839697 1.11729
0.084211 1.11767
0.0844523 1.11804
0.0846936 1.11839
0.0849348 1.11873
0.0851761 1.11907
0.0854174 1.11948
0.0856587 1.11984
0.0859 1.12023
0.0861413 1.12061
0.0863826 1.12096
0.0866239 1.12135
0.0868652 1.12174
0.0871065 1.1221
0.0873478 1.12247
0.0875891 1.12283
0.0878303 1.12316
0.0880716 1.12358
0.0883129 1.12397
0.0885542 1.12435
0.0887955 1.12473
0.0890368 1.12509
0.0892781 1.12546
0.0895194 1.12583
0.0897607 1.12621
0.090002 1.12658
0.0902433 1.12695
0.0904846 1.12735
0.0907259 1.12773
0.0909671 1.12812
0.0912084 1.12849
0.0914497 1.12888
0.091691 1.12931
0.0919323 1.12969
0.0921736 1.13005
0.0924149 1.1305
0.0926562 1.13092
0.0928975 1.13131
0.0931388 1.13169
0.0933801 1.13211
0.0936214 1.13248
0.0938627 1.13286
0.0941039 1.13322
0.0943452 1.13359
0.0945865 1.13395
0.0948278 1.13431
0.0950691 1.13473
0.0953104 1.13508
0.0955517 1.13548
0.095793 1.13584
0.0960343 1.13622
0.0962756 1.13662
0.0965169 1.13698
0.0967582 1.13736
0.0969995 1.13781
0.0972407 1.13818
0.097482 1.13857
0.0977233 1.13893
0.0979646 1.13935
0.0982059 1.13973
0.0984472 1.14016
0.0986885 1.14055
0.0989298 1.14093
0.0991711 1.14132
0.0994124 1.14172
0.0996537 1.14208
0.099895 1.1425
0.100136 1.14286
0.100378 1.14324
0.100619 1.14364
0.10086 1.14402
0.101101 1.1444
0.101343 1.14485
0.101584 1.14526
0.101825 1.14564
0.102067 1.1461
0.102308 1.1468
0.102549 1.14721
0.10279 1.14763
0.103032 1.14803
0.103273 1.1484
0.103514 1.14876
0.103756 1.14925
0.103997 1.14964
0.104238 1.15001
0.10448 1.15036
0.104721 1.15078
0.104962 1.15113
0.105203 1.15155
0.105445 1.15191
0.105686 1.15236
0.105927 1.15273
0.106169 1.15309
0.10641 1.15345
0.106651 1.15382
0.106892 1.15421
0.107134 1.1546
0.107375 1.15498
0.107616 1.15535
0.107858 1.15575
0.108099 1.15615
0.10834 1.15652
0.108581 1.1569
0.108823 1.15736
0.109064 1.15687
0.109305 1.15728
0.109547 1.15766
0.109788 1.15805
0.110029 1.15846
0.110271 1.15895
0.110512 1.15941
0.110753 1.16068
0.110994 1.16022
0.111236 1.16061
0.111477 1.16104
0.111718 1.16143
0.11196 1.16181
0.112201 1.16216
0.112442 1.16256
0.112683 1.16293
0.112925 1.16332
0.113166 1.16368
0.113407 1.16407
0.113649 1.16448
0.11389 1.16485
0.114131 1.16521
0.114372 1.16569
0.114614 1.1661
0.114855 1.16648
0.115096 1.16691
0.115338 1.16733
0.115579 1.1677
0.11582 1.16807
0.116062 1.16844
0.116303 1.16881
0.116544 1.16923
0.116785 1.16965
0.117027 1.17011
0.117268 1.17056
0.117509 1.17097
0.117751 1.17237
0.117992 1.17278
0.118233 1.17316
0.118474 1.17356
0.118716 1.17293
0.118957 1.17336
0.119198 1.17385
0.11944 1.17423
0.119681 1.17461
0.119922 1.17507
0.120163 1.17545
0.120405 1.17582
0.120646 1.17626
0.120887 1.17771
0.121129 1.1781
0.12137 1.17852
0.121611 1.17894
0.121853 1.17933
0.122094 1.17976
0.122335 1.1802
0.122576 1.18067
0.122818 1.18108
0.123059 1.18146
0.1233 1.18186
0.123542 1.18231
0.123783 1.18276
0.124024 1.18314
0.124265 1.18354
0.124507 1.18391
0.124748 1.18434
0.124989 1.18472
0.125231 1.18519
0.125472 1.18562
0.125713 1.18617
0.125955 1.1866
0.126196 1.18705
0.126437 1.18764
0.126678 1.18813
0.12692 1.18856
0.127161 1.18898
0.127402 1.18943
0.127644 1.18982
0.127885 1.19031
0.128126 1.19068
0.128367 1.19112
0.128609 1.19155
0.12885 1.19205
0.129091 1.19245
0.129333 1.19285
0.129574 1.19338
0.129815 1.19379
0.130056 1.19415
0.130298 1.19458
0.130539 1.19502
0.13078 1.1955
0.131022 1.19588
0.131263 1.19631
0.131504 1.19557
0.131746 1.19597
0.131987 1.19636
0.132228 1.1968
0.132469 1.19724
0.132711 1.19762
0.132952 1.19807
0.133193 1.2
0.133435 1.2004
0.133676 1.20084
0.133917 1.20124
0.134158 1.20165
0.1344 1.20202
0.134641 1.20248
0.134882 1.20301
0.135124 1.20344
0.135365 1.20386
0.135606 1.20276
0.135847 1.20318
0.136089 1.20357
0.13633 1.20399
0.136571 1.20443
0.136813 1.2048
0.137054 1.20527
0.137295 1.20721
0.137537 1.20764
0.137778 1.20827
0.138019 1.20866
0.13826 1.20911
0.138502 1.2096
0.138743 1.20998
0.138984 1.21044
0.139226 1.21083
0.139467 1.21121
0.139708 1.21159
0.139949 1.21203
0.140191 1.21246
0.140432 1.21303
0.140673 1.2134
0.140915 1.21388
0.141156 1.21426
0.141397 1.21469
0.141639 1.21514
0.14188 1.21553
0.142121 1.21593
0.142362 1.2163
0.142604 1.21671
0.142845 1.21712
0.143086 1.21756
0.143328 1.21802
0.143569 1.21845
0.14381 1.21882
0.144051 1.21927
0.144293 1.21975
0.144534 1.22025
0.144775 1.22065
0.145017 1.22112
0.145258 1.22163
0.145499 1.22208
0.14574 1.22272
0.145982 1.22316
0.146223 1.2218
0.146464 1.22221
0.146706 1.22452
0.146947 1.22498
0.147188 1.22546
0.14743 1.22586
0.147671 1.22634
0.147912 1.22687
0.148153 1.22724
0.148395 1.22773
0.148636 1.22818
0.148877 1.22864
0.149119 1.22912
0.14936 1.22952
0.149601 1.22997
0.149842 1.23041
0.150084 1.23085
0.150325 1.23141
0.150566 1.23189
0.150808 1.23237
0.151049 1.23282
0.15129 1.23322
0.151531 1.23361
0.151773 1.23407
0.152014 1.23452
0.152255 1.23495
0.152497 1.23535
0.152738 1.23574
0.152979 1.23621
0.153221 1.23667
0.153462 1.23708
0.153703 1.23752
0.153944 1.23795
0.154186 1.23845
0.154427 1.23898
0.154668 1.23943
0.15491 1.23983
0.155151 1.2403
0.155392 1.24076
0.155633 1.24121
0.155875 1.24161
0.156116 1.24211
0.156357 1.24258
0.156599 1.24307
0.15684 1.24351
0.157081 1.24396
0.157322 1.24434
0.157564 1.24477
0.157805 1.24527
0.158046 1.24577
0.158288 1.24617
0.158529 1.24664
0.15877 1.24708
0.159012 1.24748
0.159253 1.24791
0.159494 1.24836
0.159735 1.2488
0.159977 1.24938
0.160218 1.2499
0.160459 1.25038
0.160701 1.25078
0.160942 1.25121
0.161183 1.25163
0.161424 1.25218
0.161666 1.2526
0.161907 1.25301
0.162148 1.2535
0.16239 1.25395
0.162631 1.25448
0.162872 1.25503
0.163114 1.25546
0.163355 1.25591
0.163596 1.25638
0.163837 1.25691
0.164079 1.25752
0.16432 1.25793
0.164561 1.25837
0.164803 1.25881
0.165044 1.2592
0.165285 1.2596
0.165526 1.26007
0.165768 1.26057
0.166009 1.26104
0.16625 1.26147
0.166492 1.26202
0.166733 1.26249
0.166974 1.26288
0.167215 1.26329
0.167457 1.2637
0.167698 1.26411
0.167939 1.26453
0.168181 1.26536
0.168422 1.26576
0.168663 1.26626
0.168905 1.26669
0.169146 1.26713
0.169387 1.26764
0.169628 1.26812
0.16987 1.26853
0.170111 1.26895
0.170352 1.26948
0.170594 1.27007
0.170835 1.27053
0.171076 1.271
0.171317 1.27149
0.171559 1.27196
0.1718 1.27244
0.172041 1.27284
0.172283 1.27336
0.172524 1.27384
0.172765 1.27439
0.173006 1.27484
0.173248 1.2753
0.173489 1.27578
0.17373 1.27622
0.173972 1.27663
0.174213 1.2772
0.174454 1.27766
0.174696 1.27818
0.174937 1.27881
0.175178 1.2767
0.175419 1.27714
0.175661 1.27753
0.175902 1.27798
0.176143 1.27846
0.176385 1.27892
0.176626 1.27942
0.176867 1.27984
0.177108 1.28025
0.17735 1.28336
0.177591 1.28378
0.177832 1.28427
0.178074 1.28472
0.178315 1.28546
0.178556 1.28592
0.178797 1.28634
0.179039 1.28679
0.17928 1.28723
0.179521 1.28775
0.179763 1.28824
0.180004 1.28873
0.180245 1.28922
0.180487 1.2896
0.180728 1.29011
0.180969 1.29057
0.18121 1.29099
0.181452 1.29147
0.181693 1.29203
0.181934 1.29249
0.182176 1.29294
0.182417 1.29345
0.182658 1.29393
0.182899 1.29436
0.183141 1.29485
0.183382 1.29525
0.183623 1.29579
0.183865 1.29619
0.184106 1.29667
0.184347 1.29717
0.184589 1.29764
0.18483 1.2981
0.185071 1.29855
0.185312 1.29908
0.185554 1.29954
0.185795 1.29997
0.186036 1.30045
0.186278 1.30098
0.186519 1.30208
0.18676 1.30258
0.187001 1.30313
0.187243 1.30356
0.187484 1.30418
0.187725 1.30464
0.187967 1.30516
0.188208 1.3056
0.188449 1.30606
0.18869 1.30656
0.188932 1.30697
0.189173 1.30743
0.189414 1.30789
0.189656 1.30849
0.189897 1.309
0.190138 1.30946
0.19038 1.31005
0.190621 1.31056
0.190862 1.31108
0.191103 1.31168
0.191345 1.31214
0.191586 1.31254
0.191827 1.31299
0.192069 1.31345
0.19231 1.31401
0.192551 1.31459
0.192792 1.31513
0.193034 1.31578
0.193275 1.31624
0.193516 1.31669
0.193758 1.31716
0.193999 1.31759
0.19424 1.31806
0.194481 1.31864
0.194723 1.3192
0.194964 1.31967
0.195205 1.32029
0.195447 1.32071
0.195688 1.32121
0.195929 1.32167
0.196171 1.32232
0.196412 1.32284
0.196653 1.3234
0.196894 1.32388
0.197136 1.32434
0.197377 1.32476
0.197618 1.32523
0.19786 1.32572
0.198101 1.32618
0.198342 1.32667
0.198583 1.32728
0.198825 1.32773
0.199066 1.32826
0.199307 1.32867
0.199549 1.32915
0.19979 1.32956
0.200031 1.32997
0.200272 1.33039
0.200514 1.33086
0.200755 1.33138
0.200996 1.33198
0.201238 1.33241
0.201479 1.33286
0.20172 1.33341
0.201962 1.3338
0.202203 1.33429
0.202444 1.33478
0.202685 1.33539
0.202927 1.33592
0.203168 1.33632
0.203409 1.33693
0.203651 1.33743
0.203892 1.3379
0.204133 1.33852
0.204374 1.33903
0.204616 1.33945
0.204857 1.33993
0.205098 1.34048
0.20534 1.34095
0.205581 1.34156
0.205822 1.342
0.206064 1.3425
0.206305 1.3432
0.206546 1.34389
0.206787 1.34443
0.207029 1.34504
0.20727 1.3455
0.207511 1.34595
0.207753 1.34667
0.207994 1.34714
0.208235 1.34759
0.208476 1.34824
0.208718 1.34872
0.208959 1.34923
0.2092 1.34975
0.209442 1.35039
0.209683 1.35091
0.209924 1.3515
0.210165 1.35203
0.210407 1.35269
0.210648 1.35325
0.210889 1.35372
0.211131 1.35433
0.211372 1.35479
0.211613 1.35523
0.211855 1.35578
0.212096 1.35635
0.212337 1.35684
0.212578 1.35735
0.21282 1.35789
0.213061 1.35867
0.213302 1.35932
0.213544 1.36002
0.213785 1.36057
0.214026 1.36102
0.214267 1.36147
0.214509 1.36209
0.21475 1.36279
0.214991 1.36339
0.215233 1.36392
0.215474 1.36444
0.215715 1.36504
0.215956 1.36547
0.216198 1.36602
0.216439 1.36651
0.21668 1.36695
0.216922 1.36742
0.217163 1.36807
0.217404 1.36872
0.217646 1.36922
0.217887 1.3697
0.218128 1.37011
0.218369 1.37068
0.218611 1.37124
0.218852 1.37167
0.219093 1.37226
0.219335 1.37277
0.219576 1.37335
0.219817 1.37386
0.220058 1.37433
0.2203 1.37517
0.220541 1.37558
0.220782 1.37634
0.221024 1.3769
0.221265 1.37741
0.221506 1.37795
0.221748 1.37845
0.221989 1.37901
0.22223 1.37968
0.222471 1.38015
0.222713 1.3807
0.222954 1.3813
0.223195 1.38192
0.223437 1.38252
0.223678 1.38313
0.223919 1.38367
0.22416 1.38431
0.224402 1.38486
0.224643 1.38536
0.224884 1.38594
0.225126 1.38644
0.225367 1.38691
0.225608 1.38778
0.225849 1.38831
0.226091 1.38877
0.226332 1.3894
0.226573 1.39002
0.226815 1.39047
0.227056 1.391
0.227297 1.39153
0.227539 1.39215
0.22778 1.39279
0.228021 1.39335
0.228262 1.3939
0.228504 1.39448
0.228745 1.39496
0.228986 1.3957
0.229228 1.39632
0.229469 1.39695
0.22971 1.39746
0.229951 1.39791
0.230193 1.39832
0.230434 1.39882
0.230675 1.39928
0.230917 1.39976
0.231158 1.40018
0.231399 1.4007
0.23164 1.40128
0.231882 1.40177
0.232123 1.40225
0.232364 1.40271
0.232606 1.40325
0.232847 1.40372
0.233088 1.40416
0.23333 1.40477
0.233571 1.40519
0.233812 1.40568
0.234053 1.40641
0.234295 1.40694
0.234536 1.4076
0.234777 1.4082
0.235019 1.40865
0.23526 1.40932
0.235501 1.40991
0.235742 1.41068
0.235984 1.41114
0.236225 1.41179
0.236466 1.4124
0.236708 1.41284
0.236949 1.41343
0.23719 1.41404
0.237431 1.41458
0.237673 1.41506
0.237914 1.41565
0.238155 1.41625
0.238397 1.41677
0.238638 1.4173
0.238879 1.41804
0.239121 1.4186
0.239362 1.41916
0.239603 1.41967
0.239844 1.42028
0.240086 1.42121
0.240327 1.42174
0.240568 1.42237
0.24081 1.42318
0.241051 1.42378
0.241292 1.42434
0.241533 1.42521
0.241775 1.42589
0.242016 1.42652
0.242257 1.42706
0.242499 1.42763
0.24274 1.42814
0.242981 1.42883
0.243223 1.42942
0.243464 1.43004
0.243705 1.43064
0.243946 1.43119
0.244188 1.43178
0.244429 1.43231
0.24467 1.43279
0.244912 1.43345
0.245153 1.43399
0.245394 1.4346
0.245635 1.43516
0.245877 1.43562
0.246118 1.43609
0.246359 1.43656
0.246601 1.43721
0.246842 1.43771
0.247083 1.43818
0.247324 1.43879
0.247566 1.43938
0.247807 1.44007
0.248048 1.44063
0.24829 1.44115
0.248531 1.44178
0.248772 1.44237
0.249014 1.44315
0.249255 1.44386
0.249496 1.44442
0.249737 1.44502
0.249979 1.44564
0.25022 1.44624
0.250461 1.4468
0.250703 1.44724
0.250944 1.44791
0.251185 1.44862
0.251426 1.44936
0.251668 1.44999
0.251909 1.45046
0.25215 1.45128
0.252392 1.45181
0.252633 1.45231
0.252874 1.45296
0.253115 1.45345
0.253357 1.45418
0.253598 1.45474
0.253839 1.45534
0.254081 1.45608
0.254322 1.45654
0.254563 1.4571
0.254805 1.45758
0.255046 1.45847
0.255287 1.45897
0.255528 1.46008
0.25577 1.46069
0.256011 1.46126
0.256252 1.46183
0.256494 1.46239
0.256735 1.4633
0.256976 1.46403
0.257217 1.46463
0.257459 1.46528
0.2577 1.46625
0.257941 1.46698
0.258183 1.46781
0.258424 1.46833
0.258665 1.46908
0.258906 1.46962
0.259148 1.47018
0.259389 1.47082
0.25963 1.47128
0.259872 1.47183
0.260113 1.47241
0.260354 1.47321
0.260596 1.4737
0.260837 1.47424
0.261078 1.47487
0.261319 1.47535
0.261561 1.47592
0.261802 1.47667
0.262043 1.47723
0.262285 1.47796
0.262526 1.47881
0.262767 1.47964
0.263008 1.48021
0.26325 1.48096
0.263491 1.48157
0.263732 1.48212
0.263974 1.48275
0.264215 1.48323
0.264456 1.48383
0.264698 1.48478
0.264939 1.4853
0.26518 1.48601
0.265421 1.48661
0.265663 1.48729
0.265904 1.48781
0.266145 1.48829
0.266387 1.48881
0.266628 1.48993
0.266869 1.49055
0.26711 1.49112
0.267352 1.49164
0.267593 1.49215
0.267834 1.49276
0.268076 1.49324
0.268317 1.49391
0.268558 1.49442
0.268799 1.49526
0.269041 1.49585
0.269282 1.4965
0.269523 1.49708
0.269765 1.49781
0.270006 1.49835
0.270247 1.499
0.270489 1.49968
0.27073 1.50048
0.270971 1.50111
0.271212 1.50161
0.271454 1.50207
0.271695 1.50256
0.271936 1.50318
0.272178 1.50418
0.272419 1.50465
0.27266 1.5053
0.272901 1.5059
0.273143 1.50642
0.273384 1.50714
0.273625 1.50794
0.273867 1.50875
0.274108 1.50975
0.274349 1.51039
0.27459 1.51108
0.274832 1.51166
0.275073 1.51243
0.275314 1.5131
0.275556 1.51421
0.275797 1.51481
0.276038 1.51545
0.27628 1.51609
0.276521 1.51676
0.276762 1.51747
0.277003 1.51812
0.277245 1.51877
0.277486 1.5195
0.277727 1.52022
0.277969 1.52075
0.27821 1.52129
0.278451 1.52195
0.278692 1.52275
0.278934 1.52353
0.279175 1.52412
0.279416 1.52507
0.279658 1.52585
0.279899 1.52638
0.28014 1.5271
0.280381 1.5277
0.280623 1.52829
0.280864 1.52909
0.281105 1.53002
0.281347 1.53067
0.281588 1.53134
0.281829 1.53216
0.282071 1.53275
0.282312 1.53348
0.282553 1.53412
0.282794 1.53463
0.283036 1.53542
0.283277 1.536
0.283518 1.53653
0.28376 1.53714
0.284001 1.53767
0.284242 1.53844
0.284483 1.53917
0.284725 1.53974
0.284966 1.5405
0.285207 1.54127
0.285449 1.54201
0.28569 1.54272
0.285931 1.54318
0.286173 1.54395
0.286414 1.54454
0.286655 1.54511
0.286896 1.54579
0.287138 1.54643
0.287379 1.54694
0.28762 1.54752
0.287862 1.54837
0.288103 1.54934
0.288344 1.54998
0.288585 1.55077
0.288827 1.55135
0.289068 1.55225
0.289309 1.55284
0.289551 1.55349
0.289792 1.55429
0.290033 1.55492
0.290274 1.55564
0.290516 1.55632
0.290757 1.55747
0.290998 1.55815
0.29124 1.559
0.291481 1.55951
0.291722 1.56193
0.291964 1.56258
0.292205 1.56344
0.292446 1.56436
0.292687 1.56498
0.292929 1.56595
0.29317 1.5668
0.293411 1.56783
0.293653 1.56839
0.293894 1.56904
0.294135 1.57
0.294376 1.57114
0.294618 1.57165
0.294859 1.57221
0.2951 1.57275
0.295342 1.57342
0.295583 1.57406
0.295824 1.57473
0.296065 1.57561
0.296307 1.57638
0.296548 1.57699
0.296789 1.57757
0.297031 1.57824
0.297272 1.57915
0.297513 1.58
0.297755 1.58063
0.297996 1.58158
0.298237 1.58217
0.298478 1.58297
0.29872 1.5836
0.298961 1.58441
0.299202 1.58514
0.299444 1.5857
0.299685 1.58631
0.299926 1.587
0.300167 1.58779
0.300409 1.58868
0.30065 1.58941
0.300891 1.59011
0.301133 1.59067
0.301374 1.59154
0.301615 1.59238
0.301857 1.59294
0.302098 1.59389
0.302339 1.59467
0.30258 1.59569
0.302822 1.59677
0.303063 1.59736
0.303304 1.59805
0.303546 1.59875
0.303787 1.59947
0.304028 1.59999
0.304269 1.60055
0.304511 1.60111
0.304752 1.60169
0.304993 1.60249
0.305235 1.60334
0.305476 1.60388
0.305717 1.60469
0.305958 1.60546
0.3062 1.60679
0.306441 1.60739
0.306682 1.60816
0.306924 1.60907
0.307165 1.60971
0.307406 1.61058
0.307648 1.61127
0.307889 1.61225
0.30813 1.61293
0.308371 1.61337
0.308613 1.61402
0.308854 1.61479
0.309095 1.6154
0.309337 1.61604
0.309578 1.61663
0.309819 1.61743
0.31006 1.61801
0.310302 1.61885
0.310543 1.61971
0.310784 1.62079
0.311026 1.62142
0.311267 1.62241
0.311508 1.62295
0.311749 1.62368
0.311991 1.62453
0.312232 1.62519
0.312473 1.62605
0.312715 1.62675
0.312956 1.62841
0.313197 1.62921
0.313439 1.6301
0.31368 1.63121
0.313921 1.63223
0.314162 1.6328
0.314404 1.63343
0.314645 1.63405
0.314886 1.63481
0.315128 1.6354
0.315369 1.63627
0.31561 1.63691
0.315851 1.63749
0.316093 1.63902
0.316334 1.63979
0.316575 1.64023
0.316817 1.64086
0.317058 1.64165
0.317299 1.64233
0.31754 1.64303
0.317782 1.64394
0.318023 1.64462
0.318264 1.64574
0.318506 1.64636
0.318747 1.64704
0.318988 1.64771
0.31923 1.64834
0.319471 1.64918
0.319712 1.64984
0.319953 1.65042
0.320195 1.65119
0.320436 1.65193
0.320677 1.65272
0.320919 1.65426
0.32116 1.65501
0.321401 1.65573
0.321642 1.6567
0.321884 1.6575
0.322125 1.65808
0.322366 1.65874
0.322608 1.65971
0.322849 1.66043
0.32309 1.66114
0.323332 1.66209
0.323573 1.66276
0.323814 1.6635
0.324055 1.6643
0.324297 1.66496
0.324538 1.66566
0.324779 1.66655
0.325021 1.66727
0.325262 1.66799
0.325503 1.6686
0.325744 1.66942
0.325986 1.67012
0.326227 1.67082
0.326468 1.67154
0.32671 1.67215
0.326951 1.67309
0.327192 1.67367
0.327433 1.67415
0.327675 1.67474
0.327916 1.67543
0.328157 1.67604
0.328399 1.67679
0.32864 1.67789
0.328881 1.67866
0.329123 1.67925
0.329364 1.68004
0.329605 1.68054
0.329846 1.68068
0.330088 1.68142
0.330329 1.68226
0.33057 1.68305
0.330812 1.68363
0.331053 1.68419
0.331294 1.68483
0.331535 1.68557
0.331777 1.68635
0.332018 1.68719
0.332259 1.68779
0.332501 1.68856
0.332742 1.68928
0.332983 1.69035
0.333224 1.69095
0.333466 1.69161
0.333707 1.69222
0.333948 1.69296
0.33419 1.69364
0.334431 1.69447
0.334672 1.69558
0.334914 1.69642
0.335155 1.69716
0.335396 1.69792
0.335637 1.69871
0.335879 1.69924
0.33612 1.70006
0.336361 1.70082
0.336603 1.70163
0.336844 1.70221
0.337085 1.7029
0.337326 1.70366
0.337568 1.70432
0.337809 1.70499
0.33805 1.70564
0.338292 1.70646
0.338533 1.7071
0.338774 1.70763
0.339015 1.70836
0.339257 1.70967
0.339498 1.7103
0.339739 1.71151
0.339981 1.71218
0.340222 1.71275
0.340463 1.71336
0.340705 1.71389
0.340946 1.71458
0.341187 1.71593
0.341428 1.71667
0.34167 1.71736
0.341911 1.71812
0.342152 1.7189
0.342394 1.71964
0.342635 1.7204
0.342876 1.72176
0.343117 1.7225
0.343359 1.7235
0.3436 1.72418
0.343841 1.72504
0.344083 1.72615
0.344324 1.7273
0.344565 1.72821
0.344807 1.72879
0.345048 1.72972
0.345289 1.73044
0.34553 1.73106
0.345772 1.73243
0.346013 1.733
0.346254 1.73372
0.346496 1.73444
0.346737 1.73499
0.346978 1.73589
0.347219 1.73645
0.347461 1.73741
0.347702 1.73813
0.347943 1.73892
0.348185 1.73954
0.348426 1.74041
0.348667 1.74118
0.348908 1.74183
0.34915 1.74273
0.349391 1.74338
0.349632 1.74406
0.349874 1.74482
0.350115 1.74588
0.350356 1.74694
0.350598 1.74793
0.350839 1.74908
0.35108 1.74973
0.351321 1.75053
0.351563 1.75131
0.351804 1.7521
0.352045 1.75283
0.352287 1.75381
0.352528 1.75518
0.352769 1.75587
0.35301 1.75673
0.353252 1.75743
0.353493 1.7582
0.353734 1.7589
0.353976 1.75964
0.354217 1.76028
0.354458 1.76117
0.354699 1.76255
0.354941 1.76342
0.355182 1.76446
0.355423 1.76547
0.355665 1.76615
0.355906 1.76663
0.356147 1.76728
0.356389 1.76785
0.35663 1.76869
0.356871 1.76943
0.357112 1.77068
0.357354 1.772
0.357595 1.77278
0.357836 1.77348
0.358078 1.77449
0.358319 1.77546
0.35856 1.77634
0.358801 1.7769
0.359043 1.77751
0.359284 1.7783
0.359525 1.77922
0.359767 1.77993
0.360008 1.78066
0.360249 1.78183
0.36049 1.78246
0.360732 1.78326
0.360973 1.78396
0.361214 1.78512
0.361456 1.78668
0.361697 1.78743
0.361938 1.78829
0.36218 1.78899
0.362421 1.78957
0.362662 1.7904
0.362903 1.79154
0.363145 1.79237
0.363386 1.79372
0.363627 1.79456
0.363869 1.79538
0.36411 1.79609
0.364351 1.79684
0.364592 1.79752
0.364834 1.79828
0.365075 1.79914
0.365316 1.79994
0.365558 1.80067
0.365799 1.80156
0.36604 1.80227
0.366282 1.80408
0.366523 1.8051
0.366764 1.80606
0.367005 1.80661
0.367247 1.80718
0.367488 1.80801
0.367729 1.80852
0.367971 1.80988
0.368212 1.8109
0.368453 1.81187
0.368694 1.81273
0.368936 1.81395
0.369177 1.81486
0.369418 1.81564
0.36966 1.81655
0.369901 1.81729
0.370142 1.81782
0.370383 1.81849
0.370625 1.81938
0.370866 1.82017
0.371107 1.82104
0.371349 1.82206
0.37159 1.82258
0.371831 1.82332
0.372073 1.82438
0.372314 1.8254
0.372555 1.82609
0.372796 1.82682
0.373038 1.82792
0.373279 1.8292
0.37352 1.8299
0.373762 1.83062
0.374003 1.8315
0.374244 1.83254
0.374485 1.83334
0.374727 1.83736
0.374968 1.83799
0.375209 1.8387
0.375451 1.83945
0.375692 1.84064
0.375933 1.84151
0.376174 1.84235
0.376416 1.84293
0.376657 1.84358
0.376898 1.84454
0.37714 1.84539
0.377381 1.84633
0.377622 1.84693
0.377864 1.84782
0.378105 1.84854
0.378346 1.84917
0.378587 1.84975
0.378829 1.85065
0.37907 1.85131
0.379311 1.85289
0.379553 1.85341
0.379794 1.85457
0.380035 1.85725
0.380276 1.85831
0.380518 1.85906
0.380759 1.85982
0.381 1.86127
0.381242 1.86264
0.381483 1.86345
0.381724 1.86434
0.381966 1.86539
0.382207 1.8666
0.382448 1.86731
0.382689 1.86803
0.382931 1.86895
0.383172 1.86976
0.383413 1.87035
0.383655 1.8713
0.383896 1.87237
0.384137 1.873
0.384378 1.87409
0.38462 1.87486
0.384861 1.87622
0.385102 1.87705
0.385344 1.87795
0.385585 1.87899
0.385826 1.88014
0.386067 1.88116
0.386309 1.88226
0.38655 1.88303
0.386791 1.8843
0.387033 1.88525
0.387274 1.88632
0.387515 1.88738
0.387757 1.88843
0.387998 1.88953
0.388239 1.89033
0.38848 1.89133
0.388722 1.892
0.388963 1.89283
0.389204 1.89343
0.389446 1.89522
0.389687 1.89578
0.389928 1.89786
0.390169 1.8987
0.390411 1.89998
0.390652 1.90069
0.390893 1.90136
0.391135 1.90259
0.391376 1.9035
0.391617 1.9043
0.391858 1.90506
0.3921 1.90733
0.392341 1.90799
0.392582 1.90869
0.392824 1.90964
0.393065 1.91078
0.393306 1.91166
0.393548 1.91295
0.393789 1.91381
0.39403 1.91478
0.394271 1.91567
0.394513 1.91667
0.394754 1.91774
0.394995 1.9186
0.395237 1.9192
0.395478 1.92067
0.395719 1.9212
0.39596 1.92201
0.396202 1.92299
0.396443 1.92442
0.396684 1.92521
0.396926 1.92619
0.397167 1.92705
0.397408 1.92784
0.397649 1.9287
0.397891 1.92973
0.398132 1.93036
0.398373 1.93135
0.398615 1.93198
0.398856 1.9331
0.399097 1.93382
0.399339 1.9346
0.39958 1.93543
0.399821 1.93647
0.400062 1.93717
0.400304 1.93888
0.400545 1.93982
0.400786 1.94056
0.401028 1.94118
0.401269 1.94372
0.40151 1.94473
0.401751 1.94549
0.401993 1.94623
0.402234 1.94735
0.402475 1.94825
0.402717 1.94895
0.402958 1.94984
0.403199 1.95058
0.403441 1.9513
0.403682 1.95209
0.403923 1.95296
0.404164 1.95398
0.404406 1.95491
0.404647 1.95573
0.404888 1.95662
0.40513 1.9577
0.405371 1.95832
0.405612 1.95911
0.405853 1.96011
0.406095 1.96089
0.406336 1.9621
0.406577 1.963
0.406819 1.96411
0.40706 1.96531
0.407301 1.96616
0.407542 1.96699
0.407784 1.96783
0.408025 1.96865
0.408266 1.96973
0.408508 1.97038
0.408749 1.97113
0.40899 1.97214
0.409232 1.97316
0.409473 1.9743
0.409714 1.97507
0.409955 1.97597
0.410197 1.97693
0.410438 1.97852
0.410679 1.9797
0.410921 1.98066
0.411162 1.98123
0.411403 1.98219
0.411644 1.983
0.411886 1.98431
0.412127 1.98629
0.412368 1.98814
0.41261 1.9893
0.412851 1.99014
0.413092 1.99091
0.413333 1.9916
0.413575 1.99286
0.413816 1.99371
0.414057 1.995
0.414299 1.99658
0.41454 1.99763
0.414781 1.9982
0.415023 1.99955
0.415264 2.0011
0.415505 2.00244
0.415746 2.00369
0.415988 2.00429
0.416229 2.00486
0.41647 2.00589
0.416712 2.00677
0.416953 2.00779
0.417194 2.00855
0.417435 2.00962
0.417677 2.01033
0.417918 2.01116
0.418159 2.01212
0.418401 2.01361
0.418642 2.01436
0.418883 2.01556
0.419124 2.01698
0.419366 2.01763
0.419607 2.02002
0.419848 2.02128
0.42009 2.02237
0.420331 2.02334
0.420572 2.02421
0.420814 2.02521
0.421055 2.02609
0.421296 2.02708
0.421537 2.02805
0.421779 2.02866
0.42202 2.02948
0.422261 2.03039
0.422503 2.03177
0.422744 2.03263
0.422985 2.03403
0.423226 2.03495
0.423468 2.03566
0.423709 2.03653
0.42395 2.03777
0.424192 2.03879
0.424433 2.03989
0.424674 2.0415
0.424916 2.04295
0.425157 2.04384
0.425398 2.04458
0.425639 2.04681
0.425881 2.04768
0.426122 2.04842
0.426363 2.04939
0.426605 2.05164
0.426846 2.05256
0.427087 2.05346
0.427328 2.05446
0.42757 2.05531
0.427811 2.05605
0.428052 2.05679
0.428294 2.05805
0.428535 2.05969
0.428776 2.06284
0.429017 2.06355
0.429259 2.06464
0.4295 2.06561
0.429741 2.0663
0.429983 2.06724
0.430224 2.06842
0.430465 2.06973
0.430707 2.07123
0.430948 2.07191
0.431189 2.07276
0.43143 2.07428
0.431672 2.07523
0.431913 2.07586
0.432154 2.07672
0.432396 2.07833
0.432637 2.07923
0.432878 2.08038
0.433119 2.08181
0.433361 2.08278
0.433602 2.08349
0.433843 2.08428
0.434085 2.08572
0.434326 2.08671
0.434567 2.08748
0.434808 2.08896
0.43505 2.08977
0.435291 2.09078
0.435532 2.09227
0.435774 2.09319
0.436015 2.09637
0.436256 2.0972
0.436498 2.09832
0.436739 2.09918
0.43698 2.10052
0.437221 2.10199
0.437463 2.10318
0.437704 2.10422
0.437945 2.10496
0.438187 2.10629
0.438428 2.10718
0.438669 2.10979
0.43891 2.11084
0.439152 2.11197
0.439393 2.11353
0.439634 2.11473
0.439876 2.11577
0.440117 2.11641
0.440358 2.11741
0.440599 2.12013
0.440841 2.12068
0.441082 2.12219
0.441323 2.12344
0.441565 2.12554
0.441806 2.1265
0.442047 2.12812
0.442289 2.12953
0.44253 2.1303
0.442771 2.13109
0.443012 2.13251
0.443254 2.13309
0.443495 2.13623
0.443736 2.13739
0.443978 2.1387
0.444219 2.1398
0.44446 2.14102
0.444701 2.14226
0.444943 2.14305
0.445184 2.14416
0.445425 2.14495
0.445667 2.14637
0.445908 2.14782
0.446149 2.14893
0.446391 2.14985
0.446632 2.15121
0.446873 2.15204
0.447114 2.15316
0.447356 2.15428
0.447597 2.15526
0.447838 2.15618
0.44808 2.15725
0.448321 2.15853
0.448562 2.15935
0.448803 2.16073
0.449045 2.16151
0.449286 2.16257
0.449527 2.16348
0.449769 2.16566
0.45001 2.16797
0.450251 2.17106
0.450492 2.17216
0.450734 2.1732
0.450975 2.17414
0.451216 2.17543
0.451458 2.17655
0.451699 2.17812
0.45194 2.17936
0.452182 2.18122
0.452423 2.18204
0.452664 2.18293
0.452905 2.18387
0.453147 2.1855
0.453388 2.18636
0.453629 2.18748
0.453871 2.18951
0.454112 2.19085
0.454353 2.19173
0.454594 2.19386
0.454836 2.19529
0.455077 2.19667
0.455318 2.19774
0.45556 2.19867
0.455801 2.19957
0.456042 2.20062
0.456283 2.2018
0.456525 2.20267
0.456766 2.20349
0.457007 2.20508
0.457249 2.20606
0.45749 2.20737
0.457731 2.20873
0.457973 2.20971
0.458214 2.2139
0.458455 2.21667
0.458696 2.21762
0.458938 2.2189
0.459179 2.2197
0.45942 2.22081
0.459662 2.22166
0.459903 2.22282
0.460144 2.22407
0.460385 2.22634
0.460627 2.22717
0.460868 2.22816
0.461109 2.22925
0.461351 2.2305
0.461592 2.23147
0.461833 2.23304
0.462075 2.23392
0.462316 2.23521
0.462557 2.23591
0.462798 2.23722
0.46304 2.23855
0.463281 2.23956
0.463522 2.24083
0.463764 2.24244
0.464005 2.24413
0.464246 2.24579
0.464487 2.24675
0.464729 2.24781
0.46497 2.24846
0.465211 2.24964
0.465453 2.25169
0.465694 2.25293
0.465935 2.254
0.466176 2.25553
0.466418 2.25704
0.466659 2.2587
0.4669 2.25988
0.467142 2.26099
0.467383 2.26207
0.467624 2.26308
0.467866 2.26448
0.468107 2.26565
0.468348 2.26707
0.468589 2.26911
0.468831 2.27035
0.469072 2.27179
0.469313 2.27291
0.469555 2.2738
0.469796 2.27533
0.470037 2.27651
0.470278 2.27787
0.47052 2.27898
0.470761 2.27993
0.471002 2.28082
0.471244 2.28183
0.471485 2.28413
0.471726 2.28535
0.471967 2.28689
0.472209 2.28825
0.47245 2.2901
0.472691 2.29279
0.472933 2.29418
0.473174 2.29642
0.473415 2.29784
0.473657 2.2993
0.473898 2.30302
0.474139 2.30422
0.47438 2.30538
0.474622 2.30693
0.474863 2.3126
0.475104 2.31393
0.475346 2.31673
0.475587 2.31809
0.475828 2.31909
0.476069 2.32107
0.476311 2.32241
0.476552 2.32416
0.476793 2.32544
0.477035 2.32631
0.477276 2.32702
0.477517 2.32795
0.477758 2.32904
0.478 2.33005
0.478241 2.33128
0.478482 2.33229
0.478724 2.333
0.478965 2.33407
0.479206 2.33528
0.479448 2.3365
0.479689 2.3373
0.47993 2.33878
0.480171 2.34071
0.480413 2.34206
0.480654 2.34307
0.480895 2.34409
0.481137 2.34495
0.481378 2.34612
0.481619 2.34708
0.48186 2.34814
0.482102 2.34891
0.482343 2.35004
0.482584 2.351
0.482826 2.35175
0.483067 2.35413
0.483308 2.35513
0.48355 2.35652
0.483791 2.35949
0.484032 2.36042
0.484273 2.36207
0.484515 2.36438
0.484756 2.36543
0.484997 2.36648
0.485239 2.36714
0.48548 2.36887
0.485721 2.37046
0.485962 2.37176
0.486204 2.37323
0.486445 2.37411
0.486686 2.37541
0.486928 2.37654
0.487169 2.37866
0.48741 2.37954
0.487651 2.38107
0.487893 2.38427
0.488134 2.38584
0.488375 2.38677
0.488617 2.38824
0.488858 2.38923
0.489099 2.39117
0.489341 2.39263
0.489582 2.39368
0.489823 2.39496
0.490064 2.39596
0.490306 2.39687
0.490547 2.39778
0.490788 2.39888
0.49103 2.40074
0.491271 2.40198
0.491512 2.40334
0.491753 2.40445
0.491995 2.40543
0.492236 2.40796
0.492477 2.40976
0.492719 2.41086
0.49296 2.41197
0.493201 2.41328
0.493442 2.41625
0.493684 2.4174
0.493925 2.41933
0.494166 2.42474
0.494408 2.42643
0.494649 2.42784
0.49489 2.4327
0.495132 2.43527
0.495373 2.43654
0.495614 2.43744
0.495855 2.43858
0.496097 2.44027
0.496338 2.44089
0.496579 2.44268
0.496821 2.44439
0.497062 2.44564
0.497303 2.44702
0.497544 2.44845
0.497786 2.45001
0.498027 2.4507
0.498268 2.45433
0.49851 2.4561
0.498751 2.45687
0.498992 2.45777
0.499233 2.45881
0.499475 2.46021
0.499716 2.46218
0.499957 2.4636
0.500199 2.46501
0.50044 2.46611
0.500681 2.46743
0.500923 2.46862
0.501164 2.46985
0.501405 2.47274
0.501646 2.4742
0.501888 2.47677
0.502129 2.47796
0.50237 2.4792
0.502612 2.48081
0.502853 2.48203
0.503094 2.48311
0.503335 2.48454
0.503577 2.48567
0.503818 2.48802
0.504059 2.48955
0.504301 2.49261
0.504542 2.49407
0.504783 2.49522
0.505025 2.49649
0.505266 2.49794
0.505507 2.49996
0.505748 2.50127
0.50599 2.50373
0.506231 2.50638
0.506472 2.50812
0.506714 2.50919
0.506955 2.51005
0.507196 2.51094
0.507437 2.51234
0.507679 2.51372
0.50792 2.51519
0.508161 2.51704
0.508403 2.51839
0.508644 2.51938
0.508885 2.52039
0.509126 2.52234
0.509368 2.52306
0.509609 2.52433
0.50985 2.526
0.510092 2.52741
0.510333 2.53049
0.510574 2.53205
0.510816 2.53318
0.511057 2.53421
0.511298 2.53541
0.511539 2.53665
0.511781 2.5378
0.512022 2.53985
0.512263 2.54279
0.512505 2.5444
0.512746 2.54551
0.512987 2.54686
0.513228 2.54861
0.51347 2.54971
0.513711 2.55127
0.513952 2.55316
0.514194 2.55472
0.514435 2.55623
0.514676 2.55764
0.514917 2.55882
0.515159 2.55986
0.5154 2.56285
0.515641 2.56494
0.515883 2.56775
0.516124 2.57862
0.516365 2.58641
0.516607 2.58831
0.516848 2.59011
0.517089 2.5911
0.51733 2.59233
0.517572 2.59316
0.517813 2.59484
0.518054 2.59628
0.518296 2.59744
0.518537 2.59856
0.518778 2.59979
0.519019 2.60126
0.519261 2.60313
0.519502 2.60499
0.519743 2.60698
0.519985 2.6081
0.520226 2.60916
0.520467 2.61037
0.520708 2.61183
0.52095 2.61332
0.521191 2.61528
0.521432 2.61687
0.521674 2.61889
0.521915 2.62002
0.522156 2.62096
0.522398 2.62685
0.522639 2.62916
0.52288 2.63063
0.523121 2.63242
0.523363 2.63675
0.523604 2.63861
0.523845 2.64001
0.524087 2.64104
0.524328 2.64216
0.524569 2.64324
0.52481 2.64485
0.525052 2.646
0.525293 2.65809
0.525534 2.65995
0.525776 2.66151
0.526017 2.66295
0.526258 2.66465
0.5265 2.66581
0.526741 2.66942
0.526982 2.67179
0.527223 2.67455
0.527465 2.67591
0.527706 2.67791
0.527947 2.6789
0.528189 2.68602
0.52843 2.68721
0.528671 2.68983
0.528912 2.6913
0.529154 2.69241
0.529395 2.69447
0.529636 2.69587
0.529878 2.69719
0.530119 2.69863
0.53036 2.69965
0.530601 2.70071
0.530843 2.70253
0.531084 2.70507
0.531325 2.70716
0.531567 2.70817
0.531808 2.70929
0.532049 2.70997
0.532291 2.71117
0.532532 2.71264
0.532773 2.71385
0.533014 2.71789
0.533256 2.71924
0.533497 2.72067
0.533738 2.72272
0.53398 2.7244
0.534221 2.72597
0.534462 2.72746
0.534703 2.72881
0.534945 2.73067
0.535186 2.73208
0.535427 2.7333
0.535669 2.73539
0.53591 2.73657
0.536151 2.7377
0.536392 2.73931
0.536634 2.74029
0.536875 2.7415
0.537116 2.74301
0.537358 2.74528
0.537599 2.74658
0.53784 2.74846
0.538082 2.75015
0.538323 2.75171
0.538564 2.75286
0.538805 2.75482
0.539047 2.75683
0.539288 2.75788
0.539529 2.76011
0.539771 2.76142
0.540012 2.76566
0.540253 2.76753
0.540494 2.76988
0.540736 2.77183
0.540977 2.77384
0.541218 2.77547
0.54146 2.77812
0.541701 2.77995
0.541942 2.7816
0.542184 2.78546
0.542425 2.7865
0.542666 2.78793
0.542907 2.78882
0.543149 2.78992
0.54339 2.792
0.543631 2.79362
0.543873 2.79496
0.544114 2.80205
0.544355 2.80362
0.544596 2.80515
0.544838 2.81007
0.545079 2.81123
0.54532 2.81298
0.545562 2.81603
0.545803 2.81819
0.546044 2.81971
0.546285 2.82216
0.546527 2.82372
0.546768 2.82521
0.547009 2.82799
0.547251 2.83501
0.547492 2.83645
0.547733 2.83729
0.547975 2.83925
0.548216 2.84073
0.548457 2.84471
0.548698 2.8458
0.54894 2.84738
0.549181 2.84849
0.549422 2.84972
0.549664 2.85121
0.549905 2.85277
0.550146 2.85467
0.550387 2.85619
0.550629 2.85796
0.55087 2.85995
0.551111 2.86252
0.551353 2.86341
0.551594 2.86513
0.551835 2.86694
0.552076 2.86815
0.552318 2.87018
0.552559 2.87149
0.5528 2.87409
0.553042 2.87606
0.553283 2.87739
0.553524 2.88045
0.553766 2.88234
0.554007 2.88387
0.554248 2.88476
0.554489 2.88706
0.554731 2.8894
0.554972 2.8904
0.555213 2.8922
0.555455 2.89659
0.555696 2.90003
0.555937 2.90237
0.556178 2.9037
0.55642 2.91231
0.556661 2.91412
0.556902 2.92098
0.557144 2.9223
0.557385 2.92627
0.557626 2.9286
0.557867 2.92974
0.558109 2.93247
0.55835 2.93504
0.558591 2.94048
0.558833 2.94804
0.559074 2.94984
0.559315 2.95203
0.559557 2.95308
0.559798 2.95903
0.560039 2.96052
0.56028 2.96216
0.560522 2.96386
0.560763 2.97233
0.561004 2.97365
0.561246 2.97945
0.561487 2.98127
0.561728 2.98281
0.561969 2.98435
0.562211 2.98598
0.562452 2.98788
0.562693 2.99047
0.562935 2.99237
0.563176 2.99413
0.563417 2.99683
0.563659 2.99931
0.5639 3.00026
0.564141 3.00216
0.564382 3.00492
0.564624 3.01074
0.564865 3.01327
0.565106 3.01493
0.565348 3.01923
0.565589 3.02019
0.56583 3.02175
0.566071 3.02324
0.566313 3.02854
0.566554 3.02985
0.566795 3.03233
0.567037 3.03466
0.567278 3.03661
0.567519 3.038
0.56776 3.03974
0.568002 3.04113
0.568243 3.04318
0.568484 3.04545
0.568726 3.04673
0.568967 3.04882
0.569208 3.05179
0.56945 3.05519
0.569691 3.05732
0.569932 3.05863
0.570173 3.06065
0.570415 3.06177
0.570656 3.0652
0.570897 3.06976
0.571139 3.07211
0.57138 3.07349
0.571621 3.07424
0.571862 3.0768
0.572104 3.07914
0.572345 3.082
0.572586 3.08428
0.572828 3.08682
0.573069 3.08779
0.57331 3.09052
0.573551 3.0925
0.573793 3.0936
0.574034 3.09637
0.574275 3.09824
0.574517 3.09973
0.574758 3.10277
0.574999 3.10469
0.575241 3.10631
0.575482 3.10824
0.575723 3.11019
0.575964 3.11332
0.576206 3.12644
0.576447 3.12755
0.576688 3.1305
0.57693 3.13167
0.577171 3.13326
0.577412 3.13497
0.577653 3.14123
0.577895 3.1543
0.578136 3.15556
0.578377 3.15784
0.578619 3.15905
0.57886 3.16026
0.579101 3.16169
0.579342 3.16342
0.579584 3.16459
0.579825 3.16632
0.580066 3.16827
0.580308 3.17186
0.580549 3.17681
0.58079 3.17897
0.581032 3.18072
0.581273 3.18175
0.581514 3.18357
0.581755 3.18529
0.581997 3.18789
0.582238 3.19084
0.582479 3.19313
0.582721 3.19923
0.582962 3.20341
0.583203 3.20506
0.583444 3.20613
0.583686 3.20929
0.583927 3.21162
0.584168 3.21303
0.58441 3.2194
0.584651 3.22088
0.584892 3.22308
0.585134 3.22601
0.585375 3.22739
0.585616 3.23025
0.585857 3.23274
0.586099 3.23543
0.58634 3.2365
0.586581 3.24239
0.586823 3.24446
0.587064 3.24678
0.587305 3.24901
0.587546 3.25067
0.587788 3.25237
0.588029 3.25374
0.58827 3.256
0.588512 3.25842
0.588753 3.26087
0.588994 3.26339
0.589235 3.26514
0.589477 3.26656
0.589718 3.27093
0.589959 3.27407
0.590201 3.27831
0.590442 3.28028
0.590683 3.28201
0.590925 3.28666
0.591166 3.28971
0.591407 3.29911
0.591648 3.30142
0.59189 3.30251
0.592131 3.30376
0.592372 3.30562
0.592614 3.30758
0.592855 3.30868
0.593096 3.31197
0.593337 3.31369
0.593579 3.31504
0.59382 3.31637
0.594061 3.31904
0.594303 3.32178
0.594544 3.32259
0.594785 3.37351
0.595026 3.37523
0.595268 3.37644
0.595509 3.37839
0.59575 3.38038
0.595992 3.38218
0.596233 3.38441
0.596474 3.38967
0.596716 3.39272
0.596957 3.39551
0.597198 3.39712
0.597439 3.4018
0.597681 3.40402
0.597922 3.40928
0.598163 3.41259
0.598405 3.41448
0.598646 3.41734
0.598887 3.42023
0.599128 3.423
0.59937 3.42656
0.599611 3.43166
0.599852 3.48555
0.600094 3.49238
0.600335 3.49548
0.600576 3.50238
0.600817 3.50369
0.601059 3.51044
0.6013 3.51351
0.601541 3.516
0.601783 3.51909
0.602024 3.53903
0.602265 3.54069
0.602507 3.54201
0.602748 3.54553
0.602989 3.5477
0.60323 3.55018
0.603472 3.55144
0.603713 3.55273
0.603954 3.55483
0.604196 3.55676
0.604437 3.55945
0.604678 3.56058
0.604919 3.56225
0.605161 3.56492
0.605402 3.56718
0.605643 3.56876
0.605885 3.56998
0.606126 3.57218
0.606367 3.57572
0.606609 3.57876
0.60685 3.59069
0.607091 3.59343
0.607332 3.59663
0.607574 3.60236
0.607815 3.60412
0.608056 3.60625
0.608298 3.61156
0.608539 3.61666
0.60878 3.62255
0.609021 3.62448
0.609263 3.62773
0.609504 3.63158
0.609745 3.63417
0.609987 3.63666
0.610228 3.63854
0.610469 3.64016
0.61071 3.64176
0.610952 3.64328
0.611193 3.64424
0.611434 3.64539
0.611676 3.64705
0.611917 3.6496
0.612158 3.65195
0.6124 3.65421
0.612641 3.65754
0.612882 3.66073
0.613123 3.66329
0.613365 3.66517
0.613606 3.6672
0.613847 3.67448
0.614089 3.67912
0.61433 3.68143
0.614571 3.68603
0.614812 3.68911
0.615054 3.69105
0.615295 3.69363
0.615536 3.69639
0.615778 3.70141
0.616019 3.70286
0.61626 3.70469
0.616501 3.70803
0.616743 3.70973
0.616984 3.7265
0.617225 3.72829
0.617467 3.73082
0.617708 3.73284
0.617949 3.73869
0.618191 3.73995
0.618432 3.74315
0.618673 3.74561
0.618914 3.74888
0.619156 3.75344
0.619397 3.75557
0.619638 3.7578
0.61988 3.75994
0.620121 3.76207
0.620362 3.7641
0.620603 3.76792
0.620845 3.76963
0.621086 3.77167
0.621327 3.77335
0.621569 3.77531
0.62181 3.77692
0.622051 3.77888
0.622293 3.78061
0.622534 3.78272
0.622775 3.78417
0.623016 3.78594
0.623258 3.78875
0.623499 3.79071
0.62374 3.79405
0.623982 3.79634
0.624223 3.7997
0.624464 3.80156
0.624705 3.8037
0.624947 3.80588
0.625188 3.8096
0.625429 3.81203
0.625671 3.81454
0.625912 3.81649
0.626153 3.90238
0.626394 3.90351
0.626636 3.906
0.626877 3.90892
0.627118 3.91242
0.62736 3.91483
0.627601 3.91693
0.627842 3.9188
0.628084 3.921
0.628325 3.93079
0.628566 3.93308
0.628807 3.93566
0.629049 3.93912
0.62929 3.94066
0.629531 3.94308
0.629773 3.94534
0.630014 3.94889
0.630255 3.95155
0.630496 3.95464
0.630738 3.95715
0.630979 3.95995
0.63122 3.96375
0.631462 3.96557
0.631703 3.97024
0.631944 3.97332
0.632185 3.97936
0.632427 3.98177
0.632668 3.98612
0.632909 3.98762
0.633151 3.9896
0.633392 3.99254
0.633633 3.99525
0.633875 4.00257
0.634116 4.00781
0.634357 4.01137
0.634598 4.01396
0.63484 4.01661
0.635081 4.01895
0.635322 4.02429
0.635564 4.02581
0.635805 4.03052
0.636046 4.03448
0.636287 4.03721
0.636529 4.04021
0.63677 4.04169
0.637011 4.04483
0.637253 4.04812
0.637494 4.05112
0.637735 4.05563
0.637976 4.05771
0.638218 4.0616
0.638459 4.06325
0.6387 4.06442
0.638942 4.08083
0.639183 4.10856
0.639424 4.11392
0.639666 4.11545
0.639907 4.12362
0.640148 4.13155
0.640389 4.13403
0.640631 4.13636
0.640872 4.13746
0.641113 4.14214
0.641355 4.14393
0.641596 4.14549
0.641837 4.14709
0.642078 4.15127
0.64232 4.15465
0.642561 4.17011
0.642802 4.17218
0.643044 4.17535
0.643285 4.17834
0.643526 4.18048
0.643768 4.187
0.644009 4.18968
0.64425 4.19237
0.644491 4.19346
0.644733 4.19868
0.644974 4.20246
0.645215 4.20444
0.645457 4.20755
0.645698 4.20985
0.645939 4.21265
0.64618 4.21429
0.646422 4.21845
0.646663 4.22442
0.646904 4.22882
0.647146 4.2396
0.647387 4.24822
0.647628 4.25194
0.647869 4.25612
0.648111 4.26422
0.648352 4.26717
0.648593 4.26991
0.648835 4.27161
0.649076 4.27344
0.649317 4.27525
0.649559 4.27817
0.6498 4.28283
0.650041 4.29066
0.650282 4.29261
0.650524 4.29611
0.650765 4.29928
0.651006 4.30057
0.651248 4.30371
0.651489 4.30645
0.65173 4.32066
0.651971 4.32338
0.652213 4.32513
0.652454 4.33187
0.652695 4.33583
0.652937 4.3387
0.653178 4.34329
0.653419 4.34773
0.65366 4.34942
0.653902 4.3521
0.654143 4.3547
0.654384 4.36129
0.654626 4.36346
0.654867 4.36623
0.655108 4.36764
0.65535 4.36984
0.655591 4.37219
0.655832 4.37732
0.656073 4.38064
0.656315 4.39117
0.656556 4.39405
0.656797 4.39736
0.657039 4.40011
0.65728 4.40311
0.657521 4.40929
0.657762 4.41486
0.658004 4.42279
0.658245 4.42554
0.658486 4.43047
0.658728 4.43476
0.658969 4.43733
0.65921 4.43896
0.659451 4.44098
0.659693 4.44311
0.659934 4.44416
0.660175 4.44967
0.660417 4.4521
0.660658 4.45439
0.660899 4.45729
0.661141 4.46355
0.661382 4.47174
0.661623 4.47449
0.661864 4.47742
0.662106 4.48273
0.662347 4.48829
0.662588 4.49913
0.66283 4.50177
0.663071 4.50734
0.663312 4.5099
0.663553 4.51639
0.663795 4.52108
0.664036 4.526
0.664277 4.52886
0.664519 4.59098
0.66476 4.59311
0.665001 4.59627
0.665243 4.60123
0.665484 4.60334
0.665725 4.60639
0.665966 4.6092
0.666208 4.61163
0.666449 4.63107
0.66669 4.63315
0.666932 4.63579
0.667173 4.63748
0.667414 4.64078
0.667655 4.64324
0.667897 4.6465
0.668138 4.64986
0.668379 4.6512
0.668621 4.65311
0.668862 4.65717
0.669103 4.63785
0.669344 4.64109
0.669586 4.65346
0.669827 4.65643
0.670068 4.65808
0.67031 4.67537
0.670551 4.68181
0.670792 4.68449
0.671034 4.70001
0.671275 4.7062
0.671516 4.70892
0.671757 4.71322
0.671999 4.71754
0.67224 4.72097
0.672481 4.73349
0.672723 4.73522
0.672964 4.7374
0.673205 4.74115
0.673446 4.78578
0.673688 4.78957
0.673929 4.79244
0.67417 4.79676
0.674412 4.80253
0.674653 4.86616
0.674894 4.87282
0.675135 4.87403
0.675377 4.88211
0.675618 4.88511
0.675859 4.9006
0.676101 4.90872
0.676342 4.89886
0.676583 4.90276
0.676825 4.90478
0.677066 4.90733
0.677307 4.92385
0.677548 4.93147
0.67779 4.93492
0.678031 4.93747
0.678272 4.93988
0.678514 4.94591
0.678755 4.95847
0.678996 4.96327
0.679237 4.96598
0.679479 4.97562
0.67972 4.97829
0.679961 4.99284
0.680203 4.99825
0.680444 5.001
0.680685 5.00473
0.680926 5.00846
0.681168 5.01229
0.681409 5.01442
0.68165 5.02513
0.681892 5.02794
0.682133 5.03345
0.682374 5.04114
0.682616 5.04328
0.682857 5.04734
0.683098 5.05035
0.683339 5.05618
0.683581 5.07652
0.683822 5.07962
0.684063 5.08578
0.684305 5.09095
0.684546 5.09735
0.684787 5.10294
0.685028 5.11422
0.68527 5.11839
0.685511 5.12119
0.685752 5.12578
0.685994 5.12979
0.686235 5.13114
0.686476 5.15875
0.686718 5.16683
0.686959 5.1698
0.6872 5.17235
0.687441 5.17879
0.687683 5.18115
0.687924 5.18535
0.688165 5.19165
0.688407 5.19491
0.688648 5.19734
0.688889 5.19988
0.68913 5.20297
0.689372 5.21386
0.689613 5.21699
0.689854 5.22188
0.690096 5.23484
0.690337 5.24376
0.690578 5.24732
0.690819 5.25012
0.691061 5.25152
0.691302 5.25281
0.691543 5.26132
0.691785 5.26508
0.692026 5.26769
0.692267 5.26934
0.692509 5.27133
0.69275 5.27926
0.692991 5.28278
0.693232 5.28453
0.693474 5.2879
0.693715 5.29044
0.693956 5.29786
0.694198 5.2993
0.694439 5.37154
0.69468 5.37772
0.694921 5.38022
0.695163 5.3853
0.695404 5.38811
0.695645 5.48217
0.695887 5.48574
0.696128 5.48733
0.696369 5.49041
0.69661 5.49867
0.696852 5.50218
0.697093 5.50702
0.697334 5.5098
0.697576 5.52893
0.697817 5.53096
0.698058 5.56005
0.6983 5.56375
0.698541 5.56736
0.698782 5.57704
0.699023 5.59257
0.699265 5.59534
0.699506 5.59775
0.699747 5.59921
0.699989 5.61048
0.70023 5.61416
0.700471 5.61769
0.700712 5.61992
0.700954 5.62293
0.701195 5.62752
0.701436 5.62991
0.701678 5.63476
0.701919 5.64583
0.70216 5.64822
0.702402 5.65179
0.702643 5.65724
0.702884 5.66201
0.703125 5.6646
0.703367 5.6715
0.703608 5.67836
0.703849 5.68345
0.704091 5.68828
0.704332 5.70727
0.704573 5.71044
0.704814 5.71785
0.705056 5.72363
0.705297 5.72788
0.705538 5.73558
0.70578 5.74056
0.706021 5.74512
0.706262 5.75037
0.706503 5.75676
0.706745 5.76082
0.706986 5.76769
0.707227 5.77289
0.707469 5.77786
0.70771 5.85973
0.707951 5.86249
0.708193 5.86868
0.708434 5.87175
0.708675 5.87602
0.708916 5.88163
0.709158 5.88961
0.709399 5.91167
0.70964 5.91737
0.709882 5.91967
0.710123 5.92204
0.710364 5.93395
0.710605 5.93601
0.710847 5.94673
0.711088 5.94872
0.711329 5.95767
0.711571 5.963
0.711812 5.97202
0.712053 5.979
0.712294 5.98639
0.712536 5.98945
0.712777 6.02743
0.713018 6.03022
0.71326 6.0315
0.713501 6.03428
0.713742 6.06088
0.713984 6.06356
0.714225 6.06746
0.714466 6.07352
0.714707 6.07631
0.714949 6.07837
0.71519 6.08523
0.715431 6.08801
0.715673 6.09385
0.715914 6.09813
0.716155 6.09948
0.716396 6.10583
0.716638 6.10728
0.716879 6.11131
0.71712 6.11533
0.717362 6.11806
0.717603 6.12253
0.717844 6.12516
0.718085 6.12888
0.718327 6.13295
0.718568 6.1394
0.718809 6.14312
0.719051 6.15188
0.719292 6.15655
0.719533 6.16211
0.719775 6.16723
0.720016 6.17206
0.720257 6.17741
0.720498 6.18054
0.72074 6.23393
0.720981 6.23632
0.721222 6.24149
0.721464 6.24157
0.721705 6.24522
0.721946 6.24924
0.722187 6.25164
0.722429 6.2555
0.72267 6.25933
0.722911 6.26543
0.723153 6.27227
0.723394 6.2764
0.723635 6.28056
0.723877 6.28587
0.724118 6.29097
0.724359 6.29659
0.7246 6.29817
0.724842 6.33083
0.725083 6.33587
0.725324 6.33975
0.725566 6.34222
0.725807 6.3452
0.726048 6.35458
0.726289 6.35937
0.726531 6.36572
0.726772 6.38066
0.727013 6.38317
0.727255 6.40958
0.727496 6.41998
0.727737 6.42749
0.727978 6.43375
0.72822 6.43775
0.728461 6.43975
0.728702 6.51974
0.728944 6.52432
0.729185 6.52885
0.729426 6.53252
0.729668 6.53446
0.729909 6.54106
0.73015 6.54601
0.730391 6.5498
0.730633 6.58397
0.730874 6.59255
0.731115 6.59424
0.731357 6.59873
0.731598 6.6024
0.731839 6.60805
0.73208 6.61961
0.732322 6.6301
0.732563 6.63662
0.732804 6.64252
0.733046 6.64731
0.733287 6.65063
0.733528 6.65427
0.733769 6.66847
0.734011 6.67329
0.734252 6.67576
0.734493 6.68315
0.734735 6.69437
0.734976 6.67719
0.735217 6.68144
0.735459 6.68465
0.7357 6.6937
0.735941 6.69883
0.736182 6.70854
0.736424 6.71532
0.736665 6.72217
0.736906 6.72793
0.737148 6.7881
0.737389 6.79096
0.73763 6.80014
0.737871 6.80604
0.738113 6.81572
0.738354 6.82675
0.738595 6.90686
0.738837 6.9181
0.739078 6.94231
0.739319 6.9459
0.73956 6.95123
0.739802 7.06143
0.740043 7.06685
0.740284 7.07669
0.740526 7.08427
0.740767 7.12005
0.741008 7.12333
0.74125 7.13511
0.741491 7.14262
0.741732 7.14814
0.741973 7.14965
0.742215 7.15303
0.742456 7.18275
0.742697 7.18918
0.742939 7.19415
0.74318 7.19925
0.743421 7.20279
0.743662 7.39046
0.743904 7.40287
0.744145 7.40749
0.744386 7.41251
0.744628 7.42138
0.744869 7.43484
0.74511 7.44771
0.745352 7.46428
0.745593 7.47219
0.745834 7.50609
0.746075 7.51196
0.746317 7.51921
0.746558 7.52193
0.746799 7.54904
0.747041 7.58011
0.747282 7.59614
0.747523 7.60837
0.747764 7.61079
0.748006 7.61968
0.748247 7.63131
0.748488 7.6384
0.74873 7.64521
0.748971 7.66495
0.749212 7.66763
0.749453 7.67849
0.749695 7.72271
0.749936 7.72656
0.750177 7.77607
0.750419 7.7848
0.75066 7.8005
0.750901 7.81262
0.751143 7.82176
0.751384 7.82478
0.751625 7.83094
0.751866 7.83415
0.752108 7.83726
0.752349 7.89814
0.75259 7.90726
0.752832 7.91615
0.753073 7.92202
0.753314 7.93054
0.753555 7.93424
0.753797 7.9396
0.754038 7.94306
0.754279 7.94677
0.754521 7.9529
0.754762 7.96536
0.755003 7.96751
0.755244 7.96923
0.755486 7.97237
0.755727 7.97568
0.755968 7.98226
0.75621 7.98352
0.756451 7.98702
0.756692 7.99091
0.756934 8.02859
0.757175 8.03129
0.757416 8.04905
0.757657 8.06231
0.757899 8.06619
0.75814 8.09331
0.758381 8.14696
0.758623 8.15423
0.758864 8.16635
0.759105 8.1748
0.759346 7.50532
0.759588 7.53687
0.759829 7.53969
0.76007 7.54518
0.760312 7.60651
0.760553 7.60767
0.760794 7.61218
0.761035 7.61628
0.761277 7.62204
0.761518 7.62481
0.761759 7.69093
0.762001 7.69279
0.762242 7.69691
0.762483 7.70338
0.762725 7.71774
0.762966 7.72965
0.763207 7.74425
0.763448 7.74762
0.76369 7.75163
0.763931 7.75623
0.764172 7.76079
0.764414 7.7641
0.764655 7.77273
0.764896 7.77882
0.765137 7.78487
0.765379 7.78919
0.76562 7.79871
0.765861 7.8025
0.766103 7.83855
0.766344 7.8476
0.766585 7.87968
0.766827 7.88389
0.767068 7.88686
0.767309 7.89143
0.76755 7.89789
0.767792 7.90705
0.768033 7.91511
0.768274 7.95186
0.768516 7.96728
0.768757 7.9726
0.768998 7.97919
0.769239 7.9888
0.769481 7.99492
0.769722 8.00158
0.769963 8.0076
0.770205 8.04584
0.770446 8.04866
0.770687 8.05213
0.770928 8.07682
0.77117 8.08633
0.771411 8.09322
0.771652 8.0976
0.771894 8.10316
0.772135 8.15952
0.772376 8.17143
0.772618 8.17818
0.772859 8.16516
0.7731 8.17499
0.773341 8.1784
0.773583 8.18364
0.773824 8.18775
0.774065 8.19545
0.774307 8.20838
0.774548 8.22319
0.774789 8.22724
0.77503 8.23079
0.775272 8.2647
0.775513 8.27041
0.775754 8.27356
0.775996 8.28033
0.776237 8.28819
0.776478 8.29095
0.776719 8.31889
0.776961 8.32448
0.777202 8.33234
0.777443 8.343
0.777685 8.34992
0.777926 8.35799
0.778167 8.36784
0.778409 8.37805
0.77865 8.38218
0.778891 8.48678
0.779132 8.50945
0.779374 8.5136
0.779615 8.52112
0.779856 8.53017
0.780098 8.53605
0.780339 8.54682
0.78058 8.55292
0.780821 8.56455
0.781063 8.56722
0.781304 8.57199
0.781545 8.59089
0.781787 8.59621
0.782028 8.60534
0.782269 8.60918
0.782511 8.6183
0.782752 8.75008
0.782993 8.75721
0.783234 8.76028
0.783476 8.7671
0.783717 8.76994
0.783958 8.77441
0.7842 8.77719
0.784441 8.78466
0.784682 8.78826
0.784923 8.79599
0.785165 8.81001
0.785406 8.81537
0.785647 8.84321
0.785889 8.85458
0.78613 8.86138
0.786371 8.86664
0.786612 8.87449
0.786854 8.88169
0.787095 8.88552
0.787336 8.89401
0.787578 8.90453
0.787819 8.91279
0.78806 8.93185
0.788302 8.93951
0.788543 8.94187
0.788784 8.9461
0.789025 8.983
0.789267 9.00215
0.789508 9.01069
0.789749 9.01703
0.789991 9.02097
0.790232 9.02314
0.790473 9.02536
0.790714 9.03146
0.790956 9.03179
0.791197 9.03656
0.791438 9.0416
0.79168 9.0455
0.791921 9.0487
0.792162 9.06613
0.792403 9.07249
0.792645 9.07653
0.792886 9.08285
0.793127 9.25525
0.793369 9.25978
0.79361 9.26959
0.793851 9.27323
0.794093 9.62815
0.794334 9.63158
0.794575 9.67227
0.794816 9.67786
0.795058 9.68053
0.795299 9.6857
0.79554 9.67758
0.795782 9.69484
0.796023 9.70315
0.796264 9.70759
0.796505 9.71454
0.796747 9.72605
0.796988 9.73345
0.797229 9.75478
0.797471 11.0372
0.797712 11.0401
0.797953 11.0489
0.798194 11.064
0.798436 11.5449
0.798677 11.552
0.798918 11.5582
0.79916 11.5648
0.799401 11.5756
0.799642 11.6508
0.799884 11.7367
0.800125 11.7445
0.800366 11.8289
0.800607 11.8419
0.800849 11.8632
0.80109 11.871
0.801331 11.878
0.801573 11.8977
0.801814 11.9064
0.802055 11.9112
0.802296 11.9398
0.802538 11.9534
0.802779 11.968
0.80302 11.981
0.803262 11.9915
0.803503 12.0177
0.803744 12.0233
0.803986 12.0409
0.804227 12.0359
0.804468 12.0493
0.804709 12.0589
0.804951 12.0683
0.805192 12.0734
0.805433 12.0775
0.805675 12.1217
0.805916 12.1245
0.806157 12.1288
0.806398 12.1442
0.80664 12.1505
0.806881 12.3401
0.807122 12.3435
0.807364 12.3539
0.807605 12.3591
0.807846 12.3675
0.808087 12.4212
0.808329 12.4293
0.80857 12.4662
0.808811 12.4685
0.809053 12.4799
0.809294 12.4829
0.809535 12.5021
0.809777 12.5173
0.810018 12.5244
0.810259 12.5276
0.8105 12.5399
0.810742 12.5476
0.810983 12.5934
0.811224 12.6061
0.811466 12.6233
0.811707 12.6404
0.811948 12.6549
0.812189 12.6724
0.812431 12.6841
0.812672 12.7117
0.812913 12.7997
0.813155 12.8058
0.813396 12.8517
0.813637 12.865
0.813878 12.8746
0.81412 12.8808
0.814361 12.8969
0.814602 13.0196
0.814844 13.0228
0.815085 13.0326
0.815326 13.047
0.815568 13.0497
0.815809 13.0593
0.81605 13.0704
0.816291 13.0871
0.816533 13.0941
0.816774 13.1383
0.817015 13.1403
0.817257 13.1483
0.817498 13.1677
0.817739 13.1882
0.81798 13.2017
0.818222 13.2072
0.818463 13.2206
0.818704 13.244
0.818946 13.2544
0.819187 13.2636
0.819428 13.2764
0.819669 13.2823
0.819911 13.3024
0.820152 13.3095
0.820393 13.3158
0.820635 13.3259
0.820876 13.333
0.821117 13.3407
0.821359 13.351
0.8216 13.3781
0.821841 13.4064
0.822082 13.4187
0.822324 13.4349
0.822565 13.4424
0.822806 13.5337
0.823048 13.5366
0.823289 13.5438
0.82353 13.5632
0.823771 13.5809
0.824013 13.5919
0.824254 13.6088
0.824495 13.6194
0.824737 13.6274
0.824978 13.992
0.825219 13.9998
0.825461 14.0248
0.825702 14.0399
0.825943 14.052
0.826184 14.071
0.826426 14.134
0.826667 14.1399
0.826908 14.1485
0.82715 14.193
0.827391 14.2202
0.827632 14.2265
0.827873 14.229
0.828115 14.2321
0.828356 14.2416
0.828597 14.2517
0.828839 14.2669
0.82908 14.8148
0.829321 14.8303
0.829562 14.8601
0.829804 14.8754
0.830045 14.9016
0.830286 14.9239
0.830528 15.1498
0.830769 15.1573
0.83101 15.1637
0.831252 15.1665
0.831493 15.1771
0.831734 15.1862
0.831975 15.1976
0.832217 15.2026
0.832458 15.2136
0.832699 15.2288
0.832941 15.2399
0.833182 15.3746
0.833423 15.3841
0.833664 15.386
0.833906 15.3925
0.834147 15.3949
0.834388 15.4077
0.83463 15.4205
0.834871 15.4373
0.835112 15.4556
0.835353 15.4615
0.835595 15.469
0.835836 15.5905
0.836077 15.6051
0.836319 15.6091
0.83656 15.6227
0.836801 15.6308
0.837043 15.6986
0.837284 15.7034
0.837525 15.7191
0.837766 15.7484
0.838008 15.7663
0.838249 15.7705
0.83849 15.7831
0.838732 15.8204
0.838973 15.8305
0.839214 15.8361
0.839455 15.8456
0.839697 15.8509
0.839938 15.8594
0.840179 15.867
0.840421 15.9217
0.840662 15.9322
0.840903 15.9547
0.841144 15.9676
0.841386 15.9787
0.841627 15.9973
0.841868 16.0034
0.84211 16.0403
0.842351 16.0497
0.842592 16.0718
0.842834 16.0757
0.843075 16.0901
0.843316 16.1065
0.843557 16.1588
0.843799 16.183
0.84404 16.1901
0.844281 16.2002
0.844523 16.2229
0.844764 16.6107
0.845005 16.6272
0.845246 16.634
0.845488 17.3445
0.845729 17.3496
0.84597 17.3548
0.846212 17.3617
0.846453 19.3856
0.846694 19.3947
0.846936 19.4029
0.847177 19.4479
0.847418 19.4555
0.847659 19.4682
0.847901 19.498
0.848142 19.5189
0.848383 19.5285
0.848625 19.5431
0.848866 19.5586
0.849107 19.5736
0.849348 19.8755
0.84959 19.8902
0.849831 19.9074
0.850072 19.9169
0.850314 19.9217
0.850555 20.0382
0.850796 20.0562
0.851037 20.0627
0.851279 20.0681
0.85152 20.0854
0.851761 20.1073
0.852003 20.13
0.852244 20.1543
0.852485 20.1615
0.852727 20.1578
0.852968 20.1517
0.853209 20.166
0.85345 20.2215
0.853692 20.2581
0.853933 20.3065
0.854174 20.6368
0.854416 20.6451
0.854657 20.6744
0.854898 20.6804
0.855139 20.706
0.855381 21.2744
0.855622 21.2691
0.855863 21.3275
0.856105 21.371
0.856346 21.394
0.856587 21.4029
0.856828 21.4192
0.85707 21.4794
0.857311 21.4927
0.857552 21.5076
0.857794 21.5275
0.858035 21.5435
0.858276 21.5562
0.858518 21.6023
0.858759 21.6108
0.859 21.6339
0.859241 21.6688
0.859483 21.7911
0.859724 21.809
0.859965 21.8307
0.860207 21.8364
0.860448 21.8507
0.860689 21.872
0.86093 21.8998
0.861172 21.9123
0.861413 21.9614
0.861654 21.9728
0.861896 21.9863
0.862137 22.0179
0.862378 22.0351
0.862619 22.0778
0.862861 22.0904
0.863102 22.1187
0.863343 22.1281
0.863585 22.1445
0.863826 22.1791
0.864067 22.1827
0.864309 22.1937
0.86455 22.2127
0.864791 22.2206
0.865032 22.233
0.865274 22.2867
0.865515 22.3015
0.865756 22.3186
0.865998 22.6509
0.866239 22.6699
0.86648 22.6765
0.866721 22.6842
0.866963 22.6882
0.867204 22.7051
0.867445 22.7349
0.867687 22.7405
0.867928 22.7671
0.868169 22.8536
0.868411 22.862
0.868652 22.8839
0.868893 22.8909
0.869134 22.9059
0.869376 22.9524
0.869617 23.0112
0.869858 22.9634
0.8701 22.9759
0.870341 23.001
0.870582 23.0189
0.870823 23.0626
0.871065 23.0989
0.871306 23.124
0.871547 23.133
0.871789 23.1631
0.87203 23.1746
0.872271 23.2095
0.872512 25.4556
0.872754 25.4691
0.872995 25.4775
0.873236 25.5201
0.873478 26.1089
0.873719 26.1323
0.87396 26.1408
0.874202 26.1696
0.874443 26.1846
0.874684 26.2312
0.874925 26.2639
0.875167 27.0687
0.875408 28.5435
0.875649 28.6484
0.875891 28.6735
0.876132 28.7349
0.876373 28.7526
0.876614 28.7729
0.876856 28.8083
0.877097 28.8269
0.877338 28.8862
0.87758 28.9141
0.877821 28.9176
0.878062 28.9543
0.878303 28.9809
0.878545 29.022
0.878786 29.3878
0.879027 29.3942
0.879269 29.3875
0.87951 29.4521
0.879751 29.4614
0.879993 29.4709
0.880234 29.506
0.880475 29.5261
0.880716 29.6259
0.880958 29.6331
0.881199 29.6577
0.88144 29.6635
0.881682 29.7187
0.881923 29.8544
0.882164 29.8879
0.882405 29.899
0.882647 33.223
0.882888 33.244
0.883129 33.2857
0.883371 39.3758
0.883612 39.3868
0.883853 39.4233
0.884095 39.4275
0.884336 39.4504
0.884577 39.5802
0.884818 39.6064
0.88506 39.6218
0.885301 39.6491
0.885542 39.8221
0.885784 39.9825
0.886025 40.0371
0.886266 40.0957
0.886507 40.1464
0.886749 40.1603
0.88699 40.1824
0.887231 37.0515
0.887473 37.0865
0.887714 37.1469
0.887955 37.1815
0.888196 37.3283
0.888438 37.3532
0.888679 37.3637
0.88892 37.3684
0.889162 37.3856
0.889403 37.3924
0.889644 37.4016
0.889886 37.427
0.890127 37.4695
0.890368 37.5792
0.890609 37.5918
0.890851 37.6273
0.891092 37.7981
0.891333 37.8547
0.891575 37.8823
0.891816 38.0167
0.892057 38.0381
0.892298 38.1095
0.89254 38.1172
0.892781 38.1408
0.893022 38.3942
0.893264 38.3971
0.893505 38.4058
0.893746 38.4148
0.893987 38.4742
0.894229 38.4828
0.89447 38.5437
0.894711 38.5779
0.894953 38.9743
0.895194 39.1282
0.895435 39.2327
0.895677 39.2695
0.895918 40.0426
0.896159 40.0783
0.8964 56.0024
0.896642 56.0318
0.896883 56.0509
0.897124 56.0583
0.897366 56.0755
0.897607 56.0966
0.897848 56.3844
0.898089 56.3871
0.898331 56.4182
0.898572 56.426
0.898813 56.4487
0.899055 56.5001
0.899296 56.528
0.899537 56.5607
0.899778 56.5776
0.90002 56.6209
0.900261 56.8165
0.900502 56.8497
0.900744 56.8985
0.900985 57.1372
0.901226 57.1991
0.901468 57.2071
0.901709 57.2804
0.90195 57.2979
0.902191 57.3586
0.902433 57.3919
0.902674 57.4795
0.902915 57.5654
0.903157 57.6128
0.903398 57.7458
0.903639 57.9681
0.90388 58.0195
0.904122 58.0398
0.904363 58.0597
0.904604 58.2471
0.904846 58.264
0.905087 58.2845
0.905328 58.3036
0.90557 58.4186
0.905811 58.6612
0.906052 58.7017
0.906293 58.7211
0.906535 58.7659
0.906776 58.8606
0.907017 58.8931
0.907259 58.9918
0.9075 59.0185
0.907741 59.025
0.907982 59.0461
0.908224 59.083
0.908465 59.163
0.908706 59.1658
0.908948 59.1686
0.909189 59.3026
0.90943 59.3078
0.909671 59.3278
0.909913 59.3743
0.910154 59.448
0.910395 59.4694
0.910637 59.5158
0.910878 59.7864
0.911119 59.8223
0.911361 59.8253
0.911602 59.8579
0.911843 59.8677
0.912084 59.9778
0.912326 59.9985
0.912567 60.0375
0.912808 60.0788
0.91305 60.1114
0.913291 60.1168
0.913532 60.2751
0.913773 60.3521
0.914015 60.3722
0.914256 60.3892
0.914497 60.397
0.914739 60.422
0.91498 60.4293
0.915221 60.6412
0.915462 60.7156
0.915704 61.3048
0.915945 61.7787
0.916186 62.2839
0.916428 62.3155
0.916669 62.335
0.91691 62.3491
0.917152 62.418
0.917393 62.5419
0.917634 62.5735
0.917875 62.5764
0.918117 62.5989
0.918358 62.6154
0.918599 62.6207
0.918841 62.7161
0.919082 63.0579
0.919323 63.1082
0.919564 63.1541
0.919806 63.1903
0.920047 63.2535
0.920288 63.5258
0.92053 63.5672
0.920771 63.5781
0.921012 63.8256
0.921253 63.8292
0.921495 63.8589
0.921736 63.8696
0.921977 64.0801
0.922219 64.1131
0.92246 64.2487
0.922701 64.2692
0.922943 64.335
0.923184 64.378
0.923425 64.5279
0.923666 64.5562
0.923908 64.6104
0.924149 64.6584
0.92439 64.7318
0.924632 64.8604
0.924873 64.9046
0.925114 64.9252
0.925355 66.5882
0.925597 66.6212
0.925838 66.6875
0.926079 66.7216
0.926321 66.8811
0.926562 66.91
0.926803 66.9466
0.927045 66.988
0.927286 67.0125
0.927527 67.0363
0.927768 67.2937
0.92801 67.3744
0.928251 67.5143
0.928492 67.5386
0.928734 67.5867
0.928975 67.6544
0.929216 67.6821
0.929457 67.7756
0.929699 67.8616
0.92994 67.8839
0.930181 67.9524
0.930423 68.0846
0.930664 68.1854
0.930905 68.3769
0.931146 68.4044
0.931388 68.4265
0.931629 68.4955
0.93187 68.5391
0.932112 69.0787
0.932353 69.2036
0.932594 69.2865
0.932836 69.323
0.933077 69.8237
0.933318 69.8313
0.933559 69.858
0.933801 69.8611
0.934042 69.9703
0.934283 96.427
0.934525 96.4334
0.934766 96.4368
0.935007 96.4883
0.935248 96.5123
0.93549 96.5912
0.935731 96.6125
0.935972 96.6767
0.936214 96.912
0.936455 97.163
0.936696 97.2836
0.936937 97.3517
0.937179 97.4935
0.93742 97.5365
0.937661 97.603
0.937903 97.6258
0.938144 97.7232
0.938385 97.7862
0.938627 97.8172
0.938868 98.4667
0.939109 98.6222
0.93935 98.7014
0.939592 103.958
0.939833 103.981
0.940074 104.008
0.940316 104.063
0.940557 105.066
0.940798 105.152
0.941039 105.235
0.941281 105.279
0.941522 105.325
0.941763 105.349
0.942005 105.373
0.942246 105.457
0.942487 105.506
0.942728 107.958
0.94297 107.972
0.943211 108.018
0.943452 108.145
0.943694 108.194
0.943935 108.276
0.944176 108.363
0.944418 108.407
0.944659 108.531
0.9449 108.582
0.945141 108.597
0.945383 108.609
0.945624 108.654
0.945865 108.675
0.946107 108.738
0.946348 108.766
0.946589 109.04
0.94683 109.071
0.947072 111.357
0.947313 111.486
0.947554 111.75
0.947796 111.755
0.948037 111.767
0.948278 113.913
0.94852 113.96
0.948761 114.039
0.949002 114.047
0.949243 114.075
0.949485 114.165
0.949726 114.235
0.949967 114.511
0.950209 114.803
0.95045 114.898
0.950691 114.96
0.950932 9.86273
0.951174 9.8738
0.951415 9.88323
0.951656 9.88304
0.951898 9.88857
0.952139 9.89369
0.95238 9.9
0.952621 10.0189
0.952863 9.77738
0.953104 9.78436
0.953345 9.80365
0.953587 9.80679
0.953828 9.81656
0.954069 9.82063
0.954311 9.90139
0.954552 9.91047
0.954793 9.9149
0.955034 9.91964
0.955276 9.92659
0.955517 9.92891
0.955758 9.93959
0.956 9.88167
0.956241 9.88875
0.956482 9.89525
0.956723 9.90121
0.956965 9.91613
0.957206 9.87771
0.957447 9.90056
0.957689 9.91812
0.95793 9.92317
0.958171 9.93885
0.958412 9.94151
0.958654 9.94733
0.958895 9.95337
0.959136 9.95963
0.959378 9.96314
0.959619 9.96709
0.95986 9.9784
0.960102 9.98583
0.960343 9.98856
0.960584 8.15914
0.960825 8.16296
0.961067 8.16644
0.961308 7.82075
0.961549 7.82972
0.961791 7.86213
0.962032 7.87213
0.962273 7.87396
0.962514 7.87507
0.962756 7.87882
0.962997 7.88169
0.963238 7.88751
0.96348 7.8796
0.963721 7.74096
0.963962 7.74804
0.964204 7.75774
0.964445 7.76519
0.964686 7.76971
0.964927 7.77514
0.965169 7.78059
0.96541 7.7862
0.965651 7.79351
0.965893 7.80104
0.966134 7.80712
0.966375 7.8102
0.966616 7.81888
0.966858 7.82374
0.967099 7.82816
0.96734 7.85083
0.967582 7.85332
0.967823 7.85798
0.968064 7.86232
0.968305 7.86767
0.968547 7.93157
0.968788 7.8491
0.969029 7.85648
0.969271 7.85998
0.969512 7.86283
0.969753 7.86604
0.969995 7.86859
0.970236 7.88568
0.970477 7.89235
0.970718 7.9011
0.97096 7.90073
0.971201 7.90324
0.971442 7.90976
0.971684 7.91346
0.971925 7.91642
0.972166 7.92537
0.972407 7.93042
0.972649 7.93251
0.97289 7.93585
0.973131 7.93986
0.973373 7.95198
0.973614 7.95569
0.973855 7.95894
0.974096 7.98362
0.974338 7.98551
0.974579 7.98874
0.97482 8.01734
0.975062 8.02659
0.975303 8.03186
0.975544 8.04304
0.975786 8.05611
0.976027 8.06457
0.976268 8.07342
0.976509 8.07869
0.976751 8.0818
0.976992 8.09018
0.977233 8.09596
0.977475 8.10555
0.977716 8.12075
0.977957 8.12422
0.978198 8.12633
0.97844 8.12925
0.978681 8.13419
0.978922 8.13851
0.979164 8.14769
0.979405 8.15612
0.979646 8.1373
0.979887 8.14028
0.980129 8.01858
0.98037 8.02048
0.980611 8.00672
0.980853 8.00987
0.981094 8.01297
0.981335 8.06799
0.981577 8.07321
0.981818 8.09545
0.982059 8.10674
0.9823 8.11047
0.982542 8.09844
0.982783 8.10519
0.983024 8.10912
0.983266 7.99328
0.983507 8.00595
0.983748 8.02053
0.983989 8.03266
0.984231 8.04013
0.984472 8.03975
0.984713 8.04459
0.984955 8.04979
0.985196 8.02932
0.985437 8.03413
0.985679 8.04755
0.98592 8.05187
0.986161 8.07708
0.986402 8.08356
0.986644 8.08705
0.986885 8.09025
0.987126 8.0964
0.987368 8.10171
0.987609 8.10586
0.98785 8.1133
0.988091 8.12543
0.988333 8.14337
0.988574 8.14767
0.988815 8.16152
0.989057 8.17594
0.989298 8.1809
0.989539 8.19171
0.98978 8.21209
0.990022 8.21904
0.990263 8.22162
0.990504 8.22623
0.990746 8.22995
0.990987 8.23359
0.991228 8.29482
0.99147 8.29935
0.991711 8.30401
0.991952 8.3033
0.992193 8.3082
0.992435 8.31238
0.992676 8.32467
0.992917 8.33201
0.993159 8.31498
0.9934 8.32168
0.993641 8.32415
0.993882 8.24298
0.994124 8.2464
0.994365 8.26538
0.994606 8.27387
0.994848 8.27719
0.995089 8.2787
0.99533 8.28314
0.995571 8.28844
0.995813 8.29619
0.996054 8.30062
0.996295 8.30478
0.996537 8.30983
0.996778 8.31218
0.997019 8.31747
0.997261 8.33319
0.997502 8.33147
0.997743 8.33625
0.997984 8.34026
0.998226 8.34327
0.998467 8.34706
0.998708 8.35567
0.99895 8.34869
0.999191 8.35075
0.999432 8.35252
0.999673 8.35434
0.999915 8.3564
