0 2e-06
0.000241292 2e-06
0.000482584 2e-06
0.000723877 2e-06
0.000965169 3e-06
0.00120646 3e-06
0.00144775 3e-06
0.00168905 3e-06
0.00193034 4e-06
0.00217163 4e-06
0.00241292 4e-06
0.00265421 4e-06
0.00289551 4e-06
0.0031368 4e-06
0.00337809 4e-06
0.00361938 5e-06
0.00386067 5e-06
0.00410197 5e-06
0.00434326 5e-06
0.00458455 5e-06
0.00482584 5e-06
0.00506714 5e-06
0.00530843 5e-06
0.00554972 5e-06
0.00579101 5e-06
0.0060323 5e-06
0.0062736 5e-06
0.00651489 5e-06
0.00675618 5e-06
0.00699747 5e-06
0.00723877 5e-06
0.00748006 5e-06
0.00772135 5e-06
0.00796264 5e-06
0.00820393 5e-06
0.00844523 5e-06
0.00868652 5e-06
0.00892781 5e-06
0.0091691 5e-06
0.00941039 5e-06
0.00965169 5e-06
0.00989298 5e-06
0.0101343 5e-06
0.0103756 5e-06
0.0106169 5e-06
0.0108581 5e-06
0.0110994 5e-06
0.0113407 5e-06
0.011582 5e-06
0.0118233 5e-06
0.0120646 5e-06
0.0123059 5e-06
0.0125472 5e-06
0.0127885 5e-06
0.0130298 6e-06
0.0132711 6e-06
0.0135124 6e-06
0.0137537 6e-06
0.0139949 6e-06
0.0142362 6e-06
0.0144775 6e-06
0.0147188 6e-06
0.0149601 6e-06
0.0152014 6e-06
0.0154427 6e-06
0.015684 6e-06
0.0159253 6e-06
0.0161666 6e-06
0.0164079 6e-06
0.0166492 6e-06
0.0168905 6e-06
0.0171317 6e-06
0.017373 6e-06
0.0176143 6e-06
0.0178556 6e-06
0.0180969 7e-06
0.0183382 7e-06
0.0185795 7e-06
0.0188208 7e-06
0.0190621 7e-06
0.0193034 7e-06
0.0195447 7e-06
0.019786 7e-06
0.0200272 7e-06
0.0202685 7e-06
0.0205098 7e-06
0.0207511 7e-06
0.0209924 7e-06
0.0212337 7e-06
0.021475 7e-06
0.0217163 7e-06
0.0219576 7e-06
0.0221989 7e-06
0.0224402 7e-06
0.0226815 7e-06
0.0229228 7e-06
0.023164 7e-06
0.0234053 7e-06
0.0236466 7e-06
0.0238879 7e-06
0.0241292 7e-06
0.0243705 7e-06
0.0246118 7e-06
0.0248531 7e-06
0.0250944 8e-06
0.0253357 8e-06
0.025577 8e-06
0.0258183 8e-06
0.0260596 1e-05
0.0263008 1e-05
0.0265421 1e-05
0.0267834 1e-05
0.0270247 1e-05
0.027266 1e-05
0.0275073 1e-05
0.0277486 1e-05
0.0279899 1e-05
0.0282312 1e-05
0.0284725 1e-05
0.0287138 1e-05
0.0289551 1e-05
0.0291964 1e-05
0.0294376 1e-05
0.0296789 1e-05
0.0299202 1e-05
0.0301615 1e-05
0.0304028 1e-05
0.0306441 1e-05
0.0308854 1e-05
0.0311267 1e-05
0.031368 1e-05
0.0316093 1e-05
0.0318506 1e-05
0.0320919 1e-05
0.0323332 1e-05
0.0325744 1e-05
0.0328157 1.1e-05
0.033057 1.1e-05
0.0332983 1.1e-05
0.0335396 1.1e-05
0.0337809 1.1e-05
0.0340222 1.1e-05
0.0342635 1.1e-05
0.0345048 1.1e-05
0.0347461 1.1e-05
0.0349874 1.1e-05
0.0352287 1.1e-05
0.0354699 1.1e-05
0.0357112 1.1e-05
0.0359525 1.1e-05
0.0361938 1.1e-05
0.0364351 1.1e-05
0.0366764 1.1e-05
0.0369177 1.1e-05
0.037159 1.1e-05
0.0374003 1.1e-05
0.0376416 1.1e-05
0.0378829 1.1e-05
0.0381242 1.1e-05
0.0383655 1.1e-05
0.0386067 1.1e-05
0.038848 1.1e-05
0.0390893 1.1e-05
0.0393306 1.1e-05
0.0395719 1.1e-05
0.0398132 1.1e-05
0.0400545 1.1e-05
0.0402958 1.1e-05
0.0405371 1.1e-05
0.0407784 1.1e-05
0.0410197 1.1e-05
0.041261 1.1e-05
0.0415023 1.1e-05
0.0417435 1.1e-05
0.0419848 1.1e-05
0.0422261 1.1e-05
0.0424674 1.1e-05
0.0427087 1.1e-05
0.04295 1.1e-05
0.0431913 1.2e-05
0.0434326 1.2e-05
0.0436739 1.2e-05
0.0439152 1.2e-05
0.0441565 1.2e-05
0.0443978 1.2e-05
0.0446391 1.2e-05
0.0448803 1.2e-05
0.0451216 1.2e-05
0.0453629 1.2e-05
0.0456042 1.2e-05
0.0458455 1.2e-05
0.0460868 1.2e-05
0.0463281 1.2e-05
0.0465694 1.2e-05
0.0468107 1.2e-05
0.047052 1.2e-05
0.0472933 1.2e-05
0.0475346 1.2e-05
0.0477758 1.2e-05
0.0480171 1.2e-05
0.0482584 1.2e-05
0.0484997 1.2e-05
0.048741 1.2e-05
0.0489823 1.2e-05
0.0492236 1.2e-05
0.0494649 1.2e-05
0.0497062 1.2e-05
0.0499475 1.2e-05
0.0501888 1.2e-05
0.0504301 1.2e-05
0.0506714 1.2e-05
0.0509126 1.2e-05
0.0511539 1.2e-05
0.0513952 1.2e-05
0.0516365 1.2e-05
0.0518778 1.2e-05
0.0521191 1.2e-05
0.0523604 1.2e-05
0.0526017 1.2e-05
0.052843 1.2e-05
0.0530843 1.2e-05
0.0533256 1.2e-05
0.0535669 1.2e-05
0.0538082 1.2e-05
0.0540494 1.2e-05
0.0542907 1.2e-05
0.054532 1.2e-05
0.0547733 1.2e-05
0.0550146 1.2e-05
0.0552559 1.3e-05
0.0554972 1.3e-05
0.0557385 1.3e-05
0.0559798 1.3e-05
0.0562211 1.3e-05
0.0564624 1.3e-05
0.0567037 1.3e-05
0.056945 1.3e-05
0.0571862 1.3e-05
0.0574275 1.3e-05
0.0576688 1.4e-05
0.0579101 1.4e-05
0.0581514 1.4e-05
0.0583927 1.4e-05
0.058634 1.4e-05
0.0588753 1.4e-05
0.0591166 1.4e-05
0.0593579 1.4e-05
0.0595992 1.4e-05
0.0598405 1.4e-05
0.0600817 1.4e-05
0.060323 1.4e-05
0.0605643 1.4e-05
0.0608056 1.5e-05
0.0610469 1.5e-05
0.0612882 1.5e-05
0.0615295 1.5e-05
0.0617708 1.5e-05
0.0620121 1.5e-05
0.0622534 1.5e-05
0.0624947 1.5e-05
0.062736 1.5e-05
0.0629773 1.5e-05
0.0632185 1.5e-05
0.0634598 1.5e-05
0.0637011 1.5e-05
0.0639424 1.5e-05
0.0641837 1.5e-05
0.064425 1.5e-05
0.0646663 1.5e-05
0.0649076 1.5e-05
0.0651489 1.5e-05
0.0653902 1.6e-05
0.0656315 1.6e-05
0.0658728 1.6e-05
0.0661141 1.6e-05
0.0663553 1.7e-05
0.0665966 1.7e-05
0.0668379 1.7e-05
0.0670792 1.8e-05
0.0673205 1.8e-05
0.0675618 1.8e-05
0.0678031 1.8e-05
0.0680444 1.8e-05
0.0682857 1.8e-05
0.068527 1.8e-05
0.0687683 1.8e-05
0.0690096 1.8e-05
0.0692509 1.8e-05
0.0694921 1.9e-05
0.0697334 1.9e-05
0.0699747 1.9e-05
0.070216 1.9e-05
0.0704573 1.9e-05
0.0706986 1.9e-05
0.0709399 1.9e-05
0.0711812 1.9e-05
0.0714225 1.9e-05
0.0716638 1.9e-05
0.0719051 1.9e-05
0.0721464 1.9e-05
0.0723877 1.9e-05
0.0726289 1.9e-05
0.0728702 1.9e-05
0.0731115 2e-05
0.0733528 2e-05
0.0735941 2e-05
0.0738354 2e-05
0.0740767 2e-05
0.074318 2e-05
0.0745593 2e-05
0.0748006 2e-05
0.0750419 2e-05
0.0752832 2e-05
0.0755244 2e-05
0.0757657 2e-05
0.076007 2e-05
0.0762483 2e-05
0.0764896 2e-05
0.0767309 2e-05
0.0769722 2e-05
0.0772135 2e-05
0.0774548 2e-05
0.0776961 2e-05
0.0779374 2e-05
0.0781787 2e-05
0.07842 2e-05
0.0786612 2e-05
0.0789025 2e-05
0.0791438 2e-05
0.0793851 2e-05
0.0796264 2e-05
0.0798677 2e-05
0.080109 2e-05
0.0803503 2e-05
0.0805916 2e-05
0.0808329 2e-05
0.0810742 2e-05
0.0813155 2e-05
0.0815568 2e-05
0.081798 2e-05
0.0820393 2.1e-05
0.0822806 2.1e-05
0.0825219 2.1e-05
0.0827632 2.1e-05
0.0830045 2.1e-05
0.0832458 2.1e-05
0.0834871 2.1e-05
0.0837284 2.1e-05
0.0839697 2.1e-05
0.084211 2.1e-05
0.0844523 2.1e-05
0.0846936 2.1e-05
0.0849348 2.1e-05
0.0851761 2.1e-05
0.0854174 2.1e-05
0.0856587 2.1e-05
0.0859 2.1e-05
0.0861413 2.1e-05
0.0863826 2.1e-05
0.0866239 2.1e-05
0.0868652 2.1e-05
0.0871065 2.1e-05
0.0873478 2.1e-05
0.0875891 2.1e-05
0.0878303 2.1e-05
0.0880716 2.1e-05
0.0883129 2.1e-05
0.0885542 2.1e-05
0.0887955 2.1e-05
0.0890368 2.1e-05
0.0892781 2.1e-05
0.0895194 2.1e-05
0.0897607 2.1e-05
0.090002 2.1e-05
0.0902433 2.1e-05
0.0904846 2.1e-05
0.0907259 2.1e-05
0.0909671 2.1e-05
0.0912084 2.1e-05
0.0914497 2.1e-05
0.091691 2.1e-05
0.0919323 2.1e-05
0.0921736 2.1e-05
0.0924149 2.1e-05
0.0926562 2.1e-05
0.0928975 2.1e-05
0.0931388 2.1e-05
0.0933801 2.1e-05
0.0936214 2.1e-05
0.0938627 2.1e-05
0.0941039 2.1e-05
0.0943452 2.1e-05
0.0945865 2.1e-05
0.0948278 2.1e-05
0.0950691 2.1e-05
0.0953104 2.1e-05
0.0955517 2.1e-05
0.095793 2.1e-05
0.0960343 2.1e-05
0.0962756 2.5e-05
0.0965169 2.5e-05
0.0967582 2.5e-05
0.0969995 2.5e-05
0.0972407 2.5e-05
0.097482 2.5e-05
0.0977233 2.5e-05
0.0979646 2.5e-05
0.0982059 2.5e-05
0.0984472 2.6e-05
0.0986885 2.6e-05
0.0989298 2.6e-05
0.0991711 2.6e-05
0.0994124 2.6e-05
0.0996537 2.6e-05
0.099895 2.6e-05
0.100136 2.6e-05
0.100378 2.6e-05
0.100619 2.6e-05
0.10086 2.6e-05
0.101101 2.6e-05
0.101343 2.7e-05
0.101584 2.7e-05
0.101825 2.7e-05
0.102067 2.7e-05
0.102308 3e-05
0.102549 3e-05
0.10279 3e-05
0.103032 3e-05
0.103273 3e-05
0.103514 3e-05
0.103756 3e-05
0.103997 3e-05
0.104238 3e-05
0.10448 3e-05
0.104721 3e-05
0.104962 3e-05
0.105203 3e-05
0.105445 3e-05
0.105686 3.1e-05
0.105927 3.1e-05
0.106169 3.1e-05
0.10641 3.1e-05
0.106651 3.1e-05
0.106892 3.1e-05
0.107134 3.1e-05
0.107375 3.1e-05
0.107616 3.1e-05
0.107858 3.1e-05
0.108099 3.1e-05
0.10834 3.1e-05
0.108581 3.1e-05
0.108823 3.1e-05
0.109064 3.1e-05
0.109305 3.1e-05
0.109547 3.1e-05
0.109788 3.1e-05
0.110029 3.1e-05
0.110271 3.1e-05
0.110512 3.1e-05
0.110753 3.2e-05
0.110994 3.2e-05
0.111236 3.2e-05
0.111477 3.2e-05
0.111718 3.2e-05
0.11196 3.2e-05
0.112201 3.2e-05
0.112442 3.2e-05
0.112683 3.2e-05
0.112925 3.2e-05
0.113166 3.2e-05
0.113407 3.2e-05
0.113649 3.2e-05
0.11389 3.2e-05
0.114131 3.2e-05
0.114372 3.2e-05
0.114614 3.2e-05
0.114855 3.2e-05
0.115096 3.2e-05
0.115338 3.2e-05
0.115579 3.2e-05
0.11582 3.2e-05
0.116062 3.2e-05
0.116303 3.2e-05
0.116544 3.2e-05
0.116785 3.2e-05
0.117027 3.2e-05
0.117268 3.2e-05
0.117509 3.2e-05
0.117751 3.3e-05
0.117992 3.3e-05
0.118233 3.3e-05
0.118474 3.3e-05
0.118716 3.3e-05
0.118957 3.3e-05
0.119198 3.3e-05
0.11944 3.3e-05
0.119681 3.3e-05
0.119922 3.3e-05
0.120163 3.3e-05
0.120405 3.3e-05
0.120646 3.3e-05
0.120887 3.4e-05
0.121129 3.4e-05
0.12137 3.4e-05
0.121611 3.4e-05
0.121853 3.4e-05
0.122094 3.4e-05
0.122335 3.4e-05
0.122576 3.4e-05
0.122818 3.4e-05
0.123059 3.4e-05
0.1233 3.4e-05
0.123542 3.4e-05
0.123783 3.4e-05
0.124024 3.4e-05
0.124265 3.4e-05
0.124507 3.4e-05
0.124748 3.4e-05
0.124989 3.4e-05
0.125231 3.4e-05
0.125472 3.4e-05
0.125713 3.5e-05
0.125955 3.5e-05
0.126196 3.5e-05
0.126437 3.5e-05
0.126678 3.5e-05
0.12692 3.6e-05
0.127161 3.6e-05
0.127402 3.6e-05
0.127644 3.6e-05
0.127885 3.6e-05
0.128126 3.6e-05
0.128367 3.7e-05
0.128609 3.7e-05
0.12885 3.7e-05
0.129091 3.7e-05
0.129333 3.7e-05
0.129574 3.7e-05
0.129815 3.7e-05
0.130056 3.7e-05
0.130298 3.7e-05
0.130539 3.7e-05
0.13078 3.7e-05
0.131022 3.8e-05
0.131263 3.9e-05
0.131504 3.9e-05
0.131746 3.9e-05
0.131987 3.9e-05
0.132228 3.9e-05
0.132469 3.9e-05
0.132711 3.9e-05
0.132952 3.9e-05
0.133193 4e-05
0.133435 4e-05
0.133676 4e-05
0.133917 4e-05
0.134158 4e-05
0.1344 4e-05
0.134641 4e-05
0.134882 4e-05
0.135124 4e-05
0.135365 4e-05
0.135606 4e-05
0.135847 4e-05
0.136089 4e-05
0.13633 4e-05
0.136571 4e-05
0.136813 4e-05
0.137054 4e-05
0.137295 4.1e-05
0.137537 4.1e-05
0.137778 4.1e-05
0.138019 4.1e-05
0.13826 4.2e-05
0.138502 4.2e-05
0.138743 4.2e-05
0.138984 4.2e-05
0.139226 4.2e-05
0.139467 4.3e-05
0.139708 4.3e-05
0.139949 4.3e-05
0.140191 4.3e-05
0.140432 4.3e-05
0.140673 4.3e-05
0.140915 4.3e-05
0.141156 4.3e-05
0.141397 4.3e-05
0.141639 4.3e-05
0.14188 4.3e-05
0.142121 4.3e-05
0.142362 4.3e-05
0.142604 4.3e-05
0.142845 4.3e-05
0.143086 4.3e-05
0.143328 4.3e-05
0.143569 4.3e-05
0.14381 4.3e-05
0.144051 4.3e-05
0.144293 4.3e-05
0.144534 4.3e-05
0.144775 4.3e-05
0.145017 4.3e-05
0.145258 4.3e-05
0.145499 4.3e-05
0.14574 4.4e-05
0.145982 4.4e-05
0.146223 4.4e-05
0.146464 4.4e-05
0.146706 4.5e-05
0.146947 4.6e-05
0.147188 4.6e-05
0.14743 4.6e-05
0.147671 4.6e-05
0.147912 4.6e-05
0.148153 4.6e-05
0.148395 4.6e-05
0.148636 4.6e-05
0.148877 4.8e-05
0.149119 4.8e-05
0.14936 4.8e-05
0.149601 4.8e-05
0.149842 4.8e-05
0.150084 4.8e-05
0.150325 4.8e-05
0.150566 4.8e-05
0.150808 4.8e-05
0.151049 4.8e-05
0.15129 4.8e-05
0.151531 4.8e-05
0.151773 4.8e-05
0.152014 4.8e-05
0.152255 4.8e-05
0.152497 4.9e-05
0.152738 4.9e-05
0.152979 5e-05
0.153221 5e-05
0.153462 5e-05
0.153703 5e-05
0.153944 5e-05
0.154186 5e-05
0.154427 5e-05
0.154668 5e-05
0.15491 5e-05
0.155151 5e-05
0.155392 5e-05
0.155633 5e-05
0.155875 5e-05
0.156116 5e-05
0.156357 5e-05
0.156599 5e-05
0.15684 5e-05
0.157081 5e-05
0.157322 5e-05
0.157564 5e-05
0.157805 5e-05
0.158046 5e-05
0.158288 5e-05
0.158529 5e-05
0.15877 5.1e-05
0.159012 5.1e-05
0.159253 5.1e-05
0.159494 5.1e-05
0.159735 5.1e-05
0.159977 5.1e-05
0.160218 5.1e-05
0.160459 5.1e-05
0.160701 5.1e-05
0.160942 5.1e-05
0.161183 5.1e-05
0.161424 5.1e-05
0.161666 5.1e-05
0.161907 5.1e-05
0.162148 5.1e-05
0.16239 5.2e-05
0.162631 5.2e-05
0.162872 5.2e-05
0.163114 5.2e-05
0.163355 5.2e-05
0.163596 5.2e-05
0.163837 5.2e-05
0.164079 5.2e-05
0.16432 5.2e-05
0.164561 5.2e-05
0.164803 5.2e-05
0.165044 5.2e-05
0.165285 5.2e-05
0.165526 5.2e-05
0.165768 5.2e-05
0.166009 5.2e-05
0.16625 5.2e-05
0.166492 5.2e-05
0.166733 5.2e-05
0.166974 5.2e-05
0.167215 5.2e-05
0.167457 5.2e-05
0.167698 5.2e-05
0.167939 5.2e-05
0.168181 5.2e-05
0.168422 5.2e-05
0.168663 5.2e-05
0.168905 5.2e-05
0.169146 5.2e-05
0.169387 5.2e-05
0.169628 5.2e-05
0.16987 5.2e-05
0.170111 5.2e-05
0.170352 5.2e-05
0.170594 5.2e-05
0.170835 5.2e-05
0.171076 5.2e-05
0.171317 5.2e-05
0.171559 5.2e-05
0.1718 5.2e-05
0.172041 5.2e-05
0.172283 5.2e-05
0.172524 5.2e-05
0.172765 5.2e-05
0.173006 5.2e-05
0.173248 5.2e-05
0.173489 5.2e-05
0.17373 5.2e-05
0.173972 5.2e-05
0.174213 5.2e-05
0.174454 5.2e-05
0.174696 5.2e-05
0.174937 5.3e-05
0.175178 5.3e-05
0.175419 5.3e-05
0.175661 5.3e-05
0.175902 5.3e-05
0.176143 5.3e-05
0.176385 5.3e-05
0.176626 5.3e-05
0.176867 5.3e-05
0.177108 5.3e-05
0.17735 5.4e-05
0.177591 5.4e-05
0.177832 5.4e-05
0.178074 5.4e-05
0.178315 5.7e-05
0.178556 5.7e-05
0.178797 5.7e-05
0.179039 5.7e-05
0.17928 5.7e-05
0.179521 5.7e-05
0.179763 5.7e-05
0.180004 5.7e-05
0.180245 5.7e-05
0.180487 5.7e-05
0.180728 5.7e-05
0.180969 5.7e-05
0.18121 5.7e-05
0.181452 5.7e-05
0.181693 5.7e-05
0.181934 5.7e-05
0.182176 5.7e-05
0.182417 5.7e-05
0.182658 5.7e-05
0.182899 5.7e-05
0.183141 5.7e-05
0.183382 5.7e-05
0.183623 5.8e-05
0.183865 6e-05
0.184106 6e-05
0.184347 6e-05
0.184589 6e-05
0.18483 6e-05
0.185071 6e-05
0.185312 6.1e-05
0.185554 6.1e-05
0.185795 6.2e-05
0.186036 6.2e-05
0.186278 6.2e-05
0.186519 6.2e-05
0.18676 6.2e-05
0.187001 6.2e-05
0.187243 6.2e-05
0.187484 6.2e-05
0.187725 6.2e-05
0.187967 6.2e-05
0.188208 6.2e-05
0.188449 6.3e-05
0.18869 6.3e-05
0.188932 6.3e-05
0.189173 6.3e-05
0.189414 6.3e-05
0.189656 6.3e-05
0.189897 6.3e-05
0.190138 6.3e-05
0.19038 6.3e-05
0.190621 6.3e-05
0.190862 6.3e-05
0.191103 6.3e-05
0.191345 6.3e-05
0.191586 6.3e-05
0.191827 6.3e-05
0.192069 6.3e-05
0.19231 6.3e-05
0.192551 6.3e-05
0.192792 6.3e-05
0.193034 6.3e-05
0.193275 6.3e-05
0.193516 6.3e-05
0.193758 6.3e-05
0.193999 6.3e-05
0.19424 6.3e-05
0.194481 6.3e-05
0.194723 6.3e-05
0.194964 6.3e-05
0.195205 6.3e-05
0.195447 6.3e-05
0.195688 6.3e-05
0.195929 6.3e-05
0.196171 6.3e-05
0.196412 6.3e-05
0.196653 6.3e-05
0.196894 6.3e-05
0.197136 6.3e-05
0.197377 6.4e-05
0.197618 6.4e-05
0.19786 6.4e-05
0.198101 6.4e-05
0.198342 6.4e-05
0.198583 6.4e-05
0.198825 6.4e-05
0.199066 6.4e-05
0.199307 6.4e-05
0.199549 6.4e-05
0.19979 6.4e-05
0.200031 6.4e-05
0.200272 6.4e-05
0.200514 6.4e-05
0.200755 6.4e-05
0.200996 6.4e-05
0.201238 6.4e-05
0.201479 6.4e-05
0.20172 6.4e-05
0.201962 6.4e-05
0.202203 6.4e-05
0.202444 6.5e-05
0.202685 6.5e-05
0.202927 6.6e-05
0.203168 6.6e-05
0.203409 6.7e-05
0.203651 6.7e-05
0.203892 6.7e-05
0.204133 6.7e-05
0.204374 6.7e-05
0.204616 6.7e-05
0.204857 6.7e-05
0.205098 6.8e-05
0.20534 6.8e-05
0.205581 6.8e-05
0.205822 6.8e-05
0.206064 6.8e-05
0.206305 6.8e-05
0.206546 6.9e-05
0.206787 6.9e-05
0.207029 6.9e-05
0.20727 6.9e-05
0.207511 6.9e-05
0.207753 6.9e-05
0.207994 7e-05
0.208235 7e-05
0.208476 7e-05
0.208718 7e-05
0.208959 7e-05
0.2092 7.2e-05
0.209442 7.2e-05
0.209683 7.2e-05
0.209924 7.2e-05
0.210165 7.2e-05
0.210407 7.2e-05
0.210648 7.2e-05
0.210889 7.2e-05
0.211131 7.2e-05
0.211372 7.2e-05
0.211613 7.2e-05
0.211855 7.2e-05
0.212096 7.2e-05
0.212337 7.2e-05
0.212578 7.2e-05
0.21282 7.2e-05
0.213061 7.2e-05
0.213302 7.2e-05
0.213544 7.2e-05
0.213785 7.2e-05
0.214026 7.3e-05
0.214267 7.3e-05
0.214509 7.3e-05
0.21475 7.3e-05
0.214991 7.3e-05
0.215233 7.3e-05
0.215474 7.3e-05
0.215715 7.3e-05
0.215956 7.3e-05
0.216198 7.4e-05
0.216439 7.4e-05
0.21668 7.4e-05
0.216922 7.4e-05
0.217163 7.4e-05
0.217404 7.4e-05
0.217646 7.4e-05
0.217887 7.4e-05
0.218128 7.4e-05
0.218369 7.4e-05
0.218611 7.4e-05
0.218852 7.4e-05
0.219093 7.4e-05
0.219335 7.4e-05
0.219576 7.4e-05
0.219817 7.4e-05
0.220058 7.4e-05
0.2203 7.4e-05
0.220541 7.4e-05
0.220782 7.4e-05
0.221024 7.4e-05
0.221265 7.4e-05
0.221506 7.4e-05
0.221748 7.4e-05
0.221989 7.4e-05
0.22223 7.4e-05
0.222471 7.4e-05
0.222713 7.4e-05
0.222954 7.4e-05
0.223195 7.4e-05
0.223437 7.4e-05
0.223678 7.4e-05
0.223919 7.4e-05
0.22416 7.5e-05
0.224402 7.5e-05
0.224643 7.5e-05
0.224884 7.5e-05
0.225126 7.5e-05
0.225367 7.5e-05
0.225608 7.5e-05
0.225849 7.6e-05
0.226091 7.6e-05
0.226332 7.6e-05
0.226573 7.6e-05
0.226815 7.6e-05
0.227056 7.6e-05
0.227297 7.6e-05
0.227539 7.6e-05
0.22778 7.6e-05
0.228021 7.6e-05
0.228262 7.7e-05
0.228504 7.7e-05
0.228745 7.7e-05
0.228986 7.7e-05
0.229228 7.7e-05
0.229469 7.7e-05
0.22971 7.7e-05
0.229951 7.7e-05
0.230193 7.7e-05
0.230434 7.7e-05
0.230675 7.7e-05
0.230917 7.7e-05
0.231158 7.7e-05
0.231399 7.7e-05
0.23164 7.7e-05
0.231882 7.7e-05
0.232123 7.7e-05
0.232364 7.7e-05
0.232606 7.7e-05
0.232847 7.7e-05
0.233088 7.7e-05
0.23333 7.7e-05
0.233571 7.7e-05
0.233812 7.7e-05
0.234053 7.7e-05
0.234295 7.8e-05
0.234536 7.8e-05
0.234777 7.8e-05
0.235019 7.8e-05
0.23526 7.8e-05
0.235501 7.8e-05
0.235742 7.9e-05
0.235984 7.9e-05
0.236225 7.9e-05
0.236466 7.9e-05
0.236708 7.9e-05
0.236949 7.9e-05
0.23719 7.9e-05
0.237431 7.9e-05
0.237673 7.9e-05
0.237914 7.9e-05
0.238155 7.9e-05
0.238397 7.9e-05
0.238638 7.9e-05
0.238879 7.9e-05
0.239121 7.9e-05
0.239362 8e-05
0.239603 8e-05
0.239844 8e-05
0.240086 8e-05
0.240327 8e-05
0.240568 8e-05
0.24081 8e-05
0.241051 8e-05
0.241292 8e-05
0.241533 8e-05
0.241775 8.1e-05
0.242016 8.1e-05
0.242257 8.1e-05
0.242499 8.1e-05
0.24274 8.2e-05
0.242981 8.2e-05
0.243223 8.2e-05
0.243464 8.2e-05
0.243705 8.2e-05
0.243946 8.2e-05
0.244188 8.2e-05
0.244429 8.2e-05
0.24467 8.2e-05
0.244912 8.2e-05
0.245153 8.2e-05
0.245394 8.2e-05
0.245635 8.2e-05
0.245877 8.2e-05
0.246118 8.2e-05
0.246359 8.2e-05
0.246601 8.2e-05
0.246842 8.2e-05
0.247083 8.3e-05
0.247324 8.3e-05
0.247566 8.3e-05
0.247807 8.3e-05
0.248048 8.4e-05
0.24829 8.5e-05
0.248531 8.5e-05
0.248772 8.5e-05
0.249014 8.5e-05
0.249255 8.5e-05
0.249496 8.5e-05
0.249737 8.5e-05
0.249979 8.5e-05
0.25022 8.5e-05
0.250461 8.5e-05
0.250703 8.5e-05
0.250944 8.5e-05
0.251185 8.5e-05
0.251426 8.5e-05
0.251668 8.5e-05
0.251909 8.5e-05
0.25215 8.5e-05
0.252392 8.5e-05
0.252633 8.5e-05
0.252874 8.5e-05
0.253115 8.5e-05
0.253357 8.5e-05
0.253598 8.5e-05
0.253839 8.6e-05
0.254081 8.6e-05
0.254322 8.6e-05
0.254563 8.6e-05
0.254805 8.6e-05
0.255046 8.6e-05
0.255287 8.6e-05
0.255528 8.6e-05
0.25577 8.6e-05
0.256011 8.6e-05
0.256252 8.6e-05
0.256494 8.6e-05
0.256735 8.6e-05
0.256976 8.6e-05
0.257217 8.6e-05
0.257459 8.6e-05
0.2577 8.6e-05
0.257941 8.6e-05
0.258183 8.6e-05
0.258424 8.6e-05
0.258665 8.6e-05
0.258906 8.6e-05
0.259148 8.6e-05
0.259389 8.6e-05
0.25963 8.6e-05
0.259872 8.6e-05
0.260113 8.6e-05
0.260354 8.7e-05
0.260596 8.7e-05
0.260837 8.7e-05
0.261078 8.7e-05
0.261319 8.7e-05
0.261561 8.7e-05
0.261802 8.7e-05
0.262043 8.7e-05
0.262285 8.7e-05
0.262526 8.7e-05
0.262767 8.7e-05
0.263008 8.7e-05
0.26325 8.7e-05
0.263491 8.7e-05
0.263732 8.7e-05
0.263974 8.7e-05
0.264215 8.7e-05
0.264456 8.7e-05
0.264698 8.7e-05
0.264939 8.7e-05
0.26518 8.9e-05
0.265421 8.9e-05
0.265663 8.9e-05
0.265904 8.9e-05
0.266145 8.9e-05
0.266387 9.1e-05
0.266628 9.1e-05
0.266869 9.1e-05
0.26711 9.1e-05
0.267352 9.1e-05
0.267593 9.1e-05
0.267834 9.1e-05
0.268076 9.1e-05
0.268317 9.1e-05
0.268558 9.1e-05
0.268799 9.1e-05
0.269041 9.1e-05
0.269282 9.1e-05
0.269523 9.1e-05
0.269765 9.1e-05
0.270006 9.1e-05
0.270247 9.1e-05
0.270489 9.1e-05
0.27073 9.1e-05
0.270971 9.1e-05
0.271212 9.2e-05
0.271454 9.2e-05
0.271695 9.2e-05
0.271936 9.2e-05
0.272178 9.2e-05
0.272419 9.2e-05
0.27266 9.2e-05
0.272901 9.8e-05
0.273143 9.8e-05
0.273384 9.8e-05
0.273625 9.8e-05
0.273867 9.8e-05
0.274108 9.8e-05
0.274349 9.8e-05
0.27459 9.8e-05
0.274832 9.8e-05
0.275073 9.8e-05
0.275314 9.8e-05
0.275556 9.8e-05
0.275797 9.8e-05
0.276038 9.8e-05
0.27628 9.9e-05
0.276521 9.9e-05
0.276762 9.9e-05
0.277003 9.9e-05
0.277245 9.9e-05
0.277486 9.9e-05
0.277727 9.9e-05
0.277969 9.9e-05
0.27821 9.9e-05
0.278451 9.9e-05
0.278692 9.9e-05
0.278934 9.9e-05
0.279175 9.9e-05
0.279416 0.0001
0.279658 0.0001
0.279899 0.0001
0.28014 0.0001
0.280381 0.0001
0.280623 0.0001
0.280864 0.0001
0.281105 0.0001
0.281347 0.0001
0.281588 0.0001
0.281829 0.0001
0.282071 0.0001
0.282312 0.0001
0.282553 0.0001
0.282794 0.0001
0.283036 0.0001
0.283277 0.0001
0.283518 0.0001
0.28376 0.0001
0.284001 0.0001
0.284242 0.0001
0.284483 0.0001
0.284725 0.0001
0.284966 0.0001
0.285207 0.0001
0.285449 0.0001
0.28569 0.0001
0.285931 0.0001
0.286173 0.0001
0.286414 0.0001
0.286655 0.0001
0.286896 0.0001
0.287138 0.0001
0.287379 0.0001
0.28762 0.000102
0.287862 0.000102
0.288103 0.000102
0.288344 0.000103
0.288585 0.000103
0.288827 0.000103
0.289068 0.000103
0.289309 0.000103
0.289551 0.000103
0.289792 0.000104
0.290033 0.000104
0.290274 0.000104
0.290516 0.000104
0.290757 0.000104
0.290998 0.000105
0.29124 0.000105
0.291481 0.000106
0.291722 0.000106
0.291964 0.000106
0.292205 0.000106
0.292446 0.000106
0.292687 0.000106
0.292929 0.000106
0.29317 0.000106
0.293411 0.000106
0.293653 0.000106
0.293894 0.000106
0.294135 0.000106
0.294376 0.000106
0.294618 0.000106
0.294859 0.000106
0.2951 0.000106
0.295342 0.000106
0.295583 0.000106
0.295824 0.000107
0.296065 0.000108
0.296307 0.000108
0.296548 0.000108
0.296789 0.000108
0.297031 0.000108
0.297272 0.000108
0.297513 0.000108
0.297755 0.000108
0.297996 0.000108
0.298237 0.000108
0.298478 0.000108
0.29872 0.000108
0.298961 0.000108
0.299202 0.000108
0.299444 0.000108
0.299685 0.000109
0.299926 0.000109
0.300167 0.000109
0.300409 0.000109
0.30065 0.000109
0.300891 0.00011
0.301133 0.000111
0.301374 0.000111
0.301615 0.000111
0.301857 0.000111
0.302098 0.000111
0.302339 0.000112
0.30258 0.000112
0.302822 0.000112
0.303063 0.000112
0.303304 0.000112
0.303546 0.000113
0.303787 0.000113
0.304028 0.000113
0.304269 0.000113
0.304511 0.000113
0.304752 0.000113
0.304993 0.000113
0.305235 0.000113
0.305476 0.000113
0.305717 0.000113
0.305958 0.000113
0.3062 0.000113
0.306441 0.000113
0.306682 0.000113
0.306924 0.000113
0.307165 0.000114
0.307406 0.000114
0.307648 0.000114
0.307889 0.000115
0.30813 0.000115
0.308371 0.000121
0.308613 0.000121
0.308854 0.000121
0.309095 0.000121
0.309337 0.000121
0.309578 0.000121
0.309819 0.000121
0.31006 0.000121
0.310302 0.000122
0.310543 0.000122
0.310784 0.000123
0.311026 0.000123
0.311267 0.000123
0.311508 0.000123
0.311749 0.000123
0.311991 0.000123
0.312232 0.000123
0.312473 0.000124
0.312715 0.000124
0.312956 0.000124
0.313197 0.000126
0.313439 0.000126
0.31368 0.000126
0.313921 0.000126
0.314162 0.000127
0.314404 0.000127
0.314645 0.000127
0.314886 0.000127
0.315128 0.000127
0.315369 0.000127
0.31561 0.000127
0.315851 0.000127
0.316093 0.000127
0.316334 0.000127
0.316575 0.000127
0.316817 0.000127
0.317058 0.000127
0.317299 0.000127
0.31754 0.000127
0.317782 0.000127
0.318023 0.000127
0.318264 0.000127
0.318506 0.000127
0.318747 0.000129
0.318988 0.000129
0.31923 0.000129
0.319471 0.000129
0.319712 0.000129
0.319953 0.000129
0.320195 0.000129
0.320436 0.000129
0.320677 0.000129
0.320919 0.000131
0.32116 0.000131
0.321401 0.000131
0.321642 0.000131
0.321884 0.000132
0.322125 0.000132
0.322366 0.000132
0.322608 0.000132
0.322849 0.000132
0.32309 0.000132
0.323332 0.000132
0.323573 0.000132
0.323814 0.000132
0.324055 0.000132
0.324297 0.000132
0.324538 0.000133
0.324779 0.000134
0.325021 0.000135
0.325262 0.000135
0.325503 0.000135
0.325744 0.000136
0.325986 0.000136
0.326227 0.000136
0.326468 0.000136
0.32671 0.000136
0.326951 0.000136
0.327192 0.000136
0.327433 0.000136
0.327675 0.000136
0.327916 0.000136
0.328157 0.000136
0.328399 0.000137
0.32864 0.000137
0.328881 0.000137
0.329123 0.000137
0.329364 0.000137
0.329605 0.000137
0.329846 0.000161
0.330088 0.000161
0.330329 0.000161
0.33057 0.000161
0.330812 0.000161
0.331053 0.000161
0.331294 0.000161
0.331535 0.000161
0.331777 0.000161
0.332018 0.000161
0.332259 0.000161
0.332501 0.000161
0.332742 0.000161
0.332983 0.000161
0.333224 0.000161
0.333466 0.000161
0.333707 0.000161
0.333948 0.000161
0.33419 0.000161
0.334431 0.000162
0.334672 0.000162
0.334914 0.000162
0.335155 0.000162
0.335396 0.000162
0.335637 0.000162
0.335879 0.000162
0.33612 0.000162
0.336361 0.000162
0.336603 0.000162
0.336844 0.000162
0.337085 0.000165
0.337326 0.000165
0.337568 0.000165
0.337809 0.000165
0.33805 0.000165
0.338292 0.000165
0.338533 0.000165
0.338774 0.000166
0.339015 0.000167
0.339257 0.000167
0.339498 0.000167
0.339739 0.000167
0.339981 0.000167
0.340222 0.000167
0.340463 0.000167
0.340705 0.000167
0.340946 0.000167
0.341187 0.000167
0.341428 0.000167
0.34167 0.000167
0.341911 0.000167
0.342152 0.000167
0.342394 0.000167
0.342635 0.000167
0.342876 0.000167
0.343117 0.000167
0.343359 0.000167
0.3436 0.000168
0.343841 0.000168
0.344083 0.000168
0.344324 0.000168
0.344565 0.000168
0.344807 0.000168
0.345048 0.000168
0.345289 0.000168
0.34553 0.000168
0.345772 0.000168
0.346013 0.000168
0.346254 0.000168
0.346496 0.000168
0.346737 0.000168
0.346978 0.000168
0.347219 0.000168
0.347461 0.000168
0.347702 0.000168
0.347943 0.000168
0.348185 0.000168
0.348426 0.000168
0.348667 0.000168
0.348908 0.000176
0.34915 0.000176
0.349391 0.000176
0.349632 0.000176
0.349874 0.000176
0.350115 0.000176
0.350356 0.000176
0.350598 0.000176
0.350839 0.000176
0.35108 0.000176
0.351321 0.000176
0.351563 0.000176
0.351804 0.000176
0.352045 0.000176
0.352287 0.000176
0.352528 0.000176
0.352769 0.000176
0.35301 0.000176
0.353252 0.000176
0.353493 0.000176
0.353734 0.000176
0.353976 0.000176
0.354217 0.000176
0.354458 0.000176
0.354699 0.000176
0.354941 0.000176
0.355182 0.000176
0.355423 0.000177
0.355665 0.000178
0.355906 0.000178
0.356147 0.000178
0.356389 0.000178
0.35663 0.000179
0.356871 0.000179
0.357112 0.000179
0.357354 0.000179
0.357595 0.000179
0.357836 0.000179
0.358078 0.000179
0.358319 0.000179
0.35856 0.000179
0.358801 0.000179
0.359043 0.000179
0.359284 0.000179
0.359525 0.000179
0.359767 0.000179
0.360008 0.000179
0.360249 0.000179
0.36049 0.000179
0.360732 0.00018
0.360973 0.00018
0.361214 0.00018
0.361456 0.00018
0.361697 0.00018
0.361938 0.00018
0.36218 0.00018
0.362421 0.000181
0.362662 0.000182
0.362903 0.000182
0.363145 0.000182
0.363386 0.000182
0.363627 0.000182
0.363869 0.000182
0.36411 0.000182
0.364351 0.000182
0.364592 0.000182
0.364834 0.000182
0.365075 0.000182
0.365316 0.000182
0.365558 0.000183
0.365799 0.000183
0.36604 0.000183
0.366282 0.000183
0.366523 0.000183
0.366764 0.000183
0.367005 0.000183
0.367247 0.000183
0.367488 0.000183
0.367729 0.000195
0.367971 0.000197
0.368212 0.000197
0.368453 0.000197
0.368694 0.000197
0.368936 0.000197
0.369177 0.000197
0.369418 0.000197
0.36966 0.000197
0.369901 0.000197
0.370142 0.000197
0.370383 0.000197
0.370625 0.000197
0.370866 0.000197
0.371107 0.000197
0.371349 0.000197
0.37159 0.000197
0.371831 0.000197
0.372073 0.000197
0.372314 0.000197
0.372555 0.000197
0.372796 0.000197
0.373038 0.000197
0.373279 0.000197
0.37352 0.000197
0.373762 0.000197
0.374003 0.000197
0.374244 0.000197
0.374485 0.000197
0.374727 0.000197
0.374968 0.000197
0.375209 0.000197
0.375451 0.000197
0.375692 0.000197
0.375933 0.000197
0.376174 0.000197
0.376416 0.000197
0.376657 0.000197
0.376898 0.000197
0.37714 0.000197
0.377381 0.000197
0.377622 0.000198
0.377864 0.000198
0.378105 0.000198
0.378346 0.000198
0.378587 0.000199
0.378829 0.000199
0.37907 0.000199
0.379311 0.000199
0.379553 0.000199
0.379794 0.000209
0.380035 0.000209
0.380276 0.000209
0.380518 0.000209
0.380759 0.000209
0.381 0.000209
0.381242 0.000209
0.381483 0.000209
0.381724 0.000209
0.381966 0.000209
0.382207 0.000209
0.382448 0.000209
0.382689 0.000209
0.382931 0.000209
0.383172 0.00021
0.383413 0.00021
0.383655 0.00021
0.383896 0.000211
0.384137 0.000211
0.384378 0.000211
0.38462 0.000211
0.384861 0.000211
0.385102 0.000211
0.385344 0.000211
0.385585 0.000211
0.385826 0.000211
0.386067 0.000211
0.386309 0.000211
0.38655 0.000211
0.386791 0.000211
0.387033 0.000211
0.387274 0.000211
0.387515 0.000211
0.387757 0.000211
0.387998 0.000211
0.388239 0.000211
0.38848 0.000211
0.388722 0.000211
0.388963 0.000211
0.389204 0.000211
0.389446 0.000211
0.389687 0.000212
0.389928 0.000212
0.390169 0.000212
0.390411 0.000212
0.390652 0.000212
0.390893 0.000212
0.391135 0.000212
0.391376 0.000212
0.391617 0.000212
0.391858 0.000213
0.3921 0.000213
0.392341 0.000213
0.392582 0.000214
0.392824 0.000214
0.393065 0.000214
0.393306 0.000214
0.393548 0.000214
0.393789 0.000215
0.39403 0.000215
0.394271 0.000215
0.394513 0.000215
0.394754 0.000215
0.394995 0.000215
0.395237 0.000216
0.395478 0.000216
0.395719 0.000216
0.39596 0.000217
0.396202 0.000217
0.396443 0.000217
0.396684 0.000217
0.396926 0.000217
0.397167 0.000217
0.397408 0.000218
0.397649 0.000218
0.397891 0.000218
0.398132 0.000218
0.398373 0.000218
0.398615 0.000218
0.398856 0.000218
0.399097 0.000218
0.399339 0.000218
0.39958 0.000218
0.399821 0.000218
0.400062 0.000218
0.400304 0.000218
0.400545 0.000218
0.400786 0.000218
0.401028 0.000218
0.401269 0.000219
0.40151 0.000219
0.401751 0.000219
0.401993 0.000219
0.402234 0.000219
0.402475 0.000219
0.402717 0.000219
0.402958 0.000219
0.403199 0.000221
0.403441 0.000221
0.403682 0.000222
0.403923 0.000222
0.404164 0.000222
0.404406 0.000224
0.404647 0.000224
0.404888 0.000226
0.40513 0.000226
0.405371 0.000226
0.405612 0.000227
0.405853 0.000228
0.406095 0.000228
0.406336 0.000228
0.406577 0.000228
0.406819 0.000228
0.40706 0.000228
0.407301 0.000228
0.407542 0.000228
0.407784 0.000228
0.408025 0.000228
0.408266 0.000228
0.408508 0.000228
0.408749 0.000228
0.40899 0.000228
0.409232 0.000228
0.409473 0.000228
0.409714 0.000228
0.409955 0.000228
0.410197 0.000229
0.410438 0.000229
0.410679 0.000229
0.410921 0.000229
0.411162 0.000229
0.411403 0.000229
0.411644 0.000229
0.411886 0.000229
0.412127 0.000229
0.412368 0.000229
0.41261 0.000229
0.412851 0.000229
0.413092 0.000229
0.413333 0.000229
0.413575 0.000229
0.413816 0.000229
0.414057 0.000229
0.414299 0.000229
0.41454 0.000229
0.414781 0.000229
0.415023 0.000229
0.415264 0.000229
0.415505 0.000229
0.415746 0.000229
0.415988 0.000246
0.416229 0.000246
0.41647 0.000246
0.416712 0.000247
0.416953 0.000247
0.417194 0.000247
0.417435 0.000247
0.417677 0.000247
0.417918 0.000248
0.418159 0.000248
0.418401 0.000248
0.418642 0.000248
0.418883 0.000248
0.419124 0.000248
0.419366 0.000248
0.419607 0.000248
0.419848 0.000248
0.42009 0.000248
0.420331 0.000248
0.420572 0.000248
0.420814 0.000248
0.421055 0.000248
0.421296 0.000248
0.421537 0.000248
0.421779 0.000249
0.42202 0.000249
0.422261 0.00025
0.422503 0.00025
0.422744 0.00025
0.422985 0.00025
0.423226 0.00025
0.423468 0.00025
0.423709 0.00025
0.42395 0.000251
0.424192 0.000251
0.424433 0.000251
0.424674 0.000251
0.424916 0.000251
0.425157 0.000251
0.425398 0.000251
0.425639 0.000251
0.425881 0.000251
0.426122 0.000251
0.426363 0.000251
0.426605 0.000251
0.426846 0.000251
0.427087 0.000251
0.427328 0.000251
0.42757 0.000251
0.427811 0.000251
0.428052 0.000251
0.428294 0.000251
0.428535 0.000251
0.428776 0.000251
0.429017 0.000251
0.429259 0.000251
0.4295 0.000251
0.429741 0.000251
0.429983 0.000252
0.430224 0.000252
0.430465 0.000252
0.430707 0.000252
0.430948 0.000252
0.431189 0.000252
0.43143 0.000252
0.431672 0.000252
0.431913 0.000252
0.432154 0.000252
0.432396 0.000252
0.432637 0.000253
0.432878 0.000253
0.433119 0.000253
0.433361 0.000254
0.433602 0.000254
0.433843 0.000254
0.434085 0.000255
0.434326 0.000255
0.434567 0.000255
0.434808 0.000255
0.43505 0.000255
0.435291 0.000255
0.435532 0.000255
0.435774 0.000255
0.436015 0.000255
0.436256 0.000255
0.436498 0.000255
0.436739 0.000255
0.43698 0.000255
0.437221 0.000255
0.437463 0.000256
0.437704 0.000256
0.437945 0.000256
0.438187 0.000256
0.438428 0.000256
0.438669 0.000256
0.43891 0.000257
0.439152 0.000257
0.439393 0.000257
0.439634 0.000257
0.439876 0.000257
0.440117 0.000257
0.440358 0.000257
0.440599 0.000257
0.440841 0.000275
0.441082 0.000275
0.441323 0.000275
0.441565 0.000275
0.441806 0.000276
0.442047 0.000276
0.442289 0.000277
0.44253 0.000277
0.442771 0.000277
0.443012 0.000277
0.443254 0.000277
0.443495 0.000277
0.443736 0.000277
0.443978 0.000277
0.444219 0.000277
0.44446 0.000277
0.444701 0.000277
0.444943 0.000277
0.445184 0.000277
0.445425 0.000277
0.445667 0.000277
0.445908 0.000277
0.446149 0.000277
0.446391 0.000295
0.446632 0.000296
0.446873 0.000296
0.447114 0.000296
0.447356 0.000297
0.447597 0.000297
0.447838 0.0003
0.44808 0.0003
0.448321 0.000303
0.448562 0.000305
0.448803 0.000305
0.449045 0.000305
0.449286 0.000305
0.449527 0.000305
0.449769 0.000306
0.45001 0.000306
0.450251 0.000306
0.450492 0.000306
0.450734 0.000306
0.450975 0.000306
0.451216 0.000306
0.451458 0.000306
0.451699 0.000306
0.45194 0.000307
0.452182 0.000307
0.452423 0.000307
0.452664 0.000307
0.452905 0.000307
0.453147 0.000307
0.453388 0.000307
0.453629 0.000307
0.453871 0.000307
0.454112 0.000307
0.454353 0.000307
0.454594 0.000307
0.454836 0.000307
0.455077 0.00031
0.455318 0.00031
0.45556 0.00031
0.455801 0.00031
0.456042 0.00031
0.456283 0.00031
0.456525 0.00031
0.456766 0.00031
0.457007 0.00031
0.457249 0.000311
0.45749 0.000311
0.457731 0.000311
0.457973 0.000311
0.458214 0.000311
0.458455 0.000311
0.458696 0.000311
0.458938 0.000312
0.459179 0.000312
0.45942 0.000312
0.459662 0.000312
0.459903 0.000312
0.460144 0.000312
0.460385 0.000312
0.460627 0.000312
0.460868 0.000312
0.461109 0.000312
0.461351 0.000312
0.461592 0.000313
0.461833 0.000313
0.462075 0.000313
0.462316 0.000313
0.462557 0.000313
0.462798 0.000313
0.46304 0.000313
0.463281 0.000313
0.463522 0.000313
0.463764 0.000315
0.464005 0.000315
0.464246 0.000315
0.464487 0.000315
0.464729 0.000315
0.46497 0.000315
0.465211 0.000315
0.465453 0.000315
0.465694 0.000315
0.465935 0.000315
0.466176 0.000315
0.466418 0.000315
0.466659 0.000315
0.4669 0.000315
0.467142 0.000315
0.467383 0.000316
0.467624 0.000316
0.467866 0.000316
0.468107 0.000316
0.468348 0.000317
0.468589 0.000317
0.468831 0.000317
0.469072 0.000317
0.469313 0.000317
0.469555 0.000318
0.469796 0.000318
0.470037 0.000318
0.470278 0.000318
0.47052 0.000319
0.470761 0.000319
0.471002 0.000319
0.471244 0.000319
0.471485 0.000319
0.471726 0.000319
0.471967 0.000319
0.472209 0.000319
0.47245 0.00032
0.472691 0.00032
0.472933 0.00032
0.473174 0.00032
0.473415 0.00032
0.473657 0.000321
0.473898 0.000321
0.474139 0.000321
0.47438 0.000321
0.474622 0.000321
0.474863 0.000321
0.475104 0.000321
0.475346 0.000321
0.475587 0.000321
0.475828 0.000321
0.476069 0.000322
0.476311 0.000323
0.476552 0.000323
0.476793 0.000323
0.477035 0.000323
0.477276 0.000323
0.477517 0.000323
0.477758 0.000323
0.478 0.000328
0.478241 0.000328
0.478482 0.000328
0.478724 0.000328
0.478965 0.000328
0.479206 0.000328
0.479448 0.000328
0.479689 0.000328
0.47993 0.000328
0.480171 0.000328
0.480413 0.000328
0.480654 0.000328
0.480895 0.000328
0.481137 0.00033
0.481378 0.00033
0.481619 0.000331
0.48186 0.000331
0.482102 0.000332
0.482343 0.000332
0.482584 0.000332
0.482826 0.000332
0.483067 0.000332
0.483308 0.000332
0.48355 0.000332
0.483791 0.000332
0.484032 0.000332
0.484273 0.000332
0.484515 0.000332
0.484756 0.000332
0.484997 0.000333
0.485239 0.000333
0.48548 0.000333
0.485721 0.000334
0.485962 0.000334
0.486204 0.000334
0.486445 0.000334
0.486686 0.000337
0.486928 0.000339
0.487169 0.000339
0.48741 0.000339
0.487651 0.000339
0.487893 0.00034
0.488134 0.00034
0.488375 0.000341
0.488617 0.000341
0.488858 0.000341
0.489099 0.000341
0.489341 0.000341
0.489582 0.000341
0.489823 0.000341
0.490064 0.000341
0.490306 0.000341
0.490547 0.000341
0.490788 0.000341
0.49103 0.000341
0.491271 0.000341
0.491512 0.000341
0.491753 0.000341
0.491995 0.000341
0.492236 0.000341
0.492477 0.000342
0.492719 0.000342
0.49296 0.000342
0.493201 0.000342
0.493442 0.000342
0.493684 0.000344
0.493925 0.000344
0.494166 0.000344
0.494408 0.000344
0.494649 0.000344
0.49489 0.000344
0.495132 0.000344
0.495373 0.000344
0.495614 0.000344
0.495855 0.000344
0.496097 0.000344
0.496338 0.000344
0.496579 0.000344
0.496821 0.000344
0.497062 0.000344
0.497303 0.000344
0.497544 0.000344
0.497786 0.000344
0.498027 0.000345
0.498268 0.000345
0.49851 0.000346
0.498751 0.000346
0.498992 0.000348
0.499233 0.000348
0.499475 0.000348
0.499716 0.000348
0.499957 0.000348
0.500199 0.000349
0.50044 0.000349
0.500681 0.000349
0.500923 0.000349
0.501164 0.00035
0.501405 0.00035
0.501646 0.00035
0.501888 0.00035
0.502129 0.00035
0.50237 0.00035
0.502612 0.00035
0.502853 0.00035
0.503094 0.00035
0.503335 0.000351
0.503577 0.000352
0.503818 0.000352
0.504059 0.000352
0.504301 0.000352
0.504542 0.000352
0.504783 0.000352
0.505025 0.000352
0.505266 0.000352
0.505507 0.000359
0.505748 0.000359
0.50599 0.00036
0.506231 0.00036
0.506472 0.00036
0.506714 0.00036
0.506955 0.00036
0.507196 0.00036
0.507437 0.00036
0.507679 0.000361
0.50792 0.000361
0.508161 0.000361
0.508403 0.000361
0.508644 0.000363
0.508885 0.000363
0.509126 0.000365
0.509368 0.000365
0.509609 0.000365
0.50985 0.000367
0.510092 0.000367
0.510333 0.000367
0.510574 0.000367
0.510816 0.000367
0.511057 0.000368
0.511298 0.000368
0.511539 0.000369
0.511781 0.000369
0.512022 0.000369
0.512263 0.000369
0.512505 0.000369
0.512746 0.000369
0.512987 0.000369
0.513228 0.000371
0.51347 0.000371
0.513711 0.000371
0.513952 0.000371
0.514194 0.000371
0.514435 0.000371
0.514676 0.000371
0.514917 0.000371
0.515159 0.000371
0.5154 0.000371
0.515641 0.000371
0.515883 0.000371
0.516124 0.000371
0.516365 0.000372
0.516607 0.000372
0.516848 0.000372
0.517089 0.000372
0.51733 0.000373
0.517572 0.000374
0.517813 0.000374
0.518054 0.000374
0.518296 0.000374
0.518537 0.000374
0.518778 0.000374
0.519019 0.000374
0.519261 0.000374
0.519502 0.000374
0.519743 0.000375
0.519985 0.000375
0.520226 0.000375
0.520467 0.000375
0.520708 0.000375
0.52095 0.000375
0.521191 0.000375
0.521432 0.000375
0.521674 0.000375
0.521915 0.000375
0.522156 0.000376
0.522398 0.000376
0.522639 0.000376
0.52288 0.000376
0.523121 0.000376
0.523363 0.000377
0.523604 0.000377
0.523845 0.000378
0.524087 0.000378
0.524328 0.000378
0.524569 0.000378
0.52481 0.000378
0.525052 0.000378
0.525293 0.000378
0.525534 0.000378
0.525776 0.000378
0.526017 0.000378
0.526258 0.000378
0.5265 0.000379
0.526741 0.000379
0.526982 0.000379
0.527223 0.000379
0.527465 0.000379
0.527706 0.000379
0.527947 0.000379
0.528189 0.000379
0.52843 0.000379
0.528671 0.000379
0.528912 0.000379
0.529154 0.000379
0.529395 0.000379
0.529636 0.000379
0.529878 0.00038
0.530119 0.00038
0.53036 0.00038
0.530601 0.000381
0.530843 0.000382
0.531084 0.000382
0.531325 0.000382
0.531567 0.000382
0.531808 0.000383
0.532049 0.000383
0.532291 0.000383
0.532532 0.000383
0.532773 0.000383
0.533014 0.000384
0.533256 0.000384
0.533497 0.000384
0.533738 0.000384
0.53398 0.000384
0.534221 0.000384
0.534462 0.000384
0.534703 0.000384
0.534945 0.000386
0.535186 0.000386
0.535427 0.000386
0.535669 0.000386
0.53591 0.000386
0.536151 0.000386
0.536392 0.000386
0.536634 0.000386
0.536875 0.000386
0.537116 0.000386
0.537358 0.000386
0.537599 0.000386
0.53784 0.000386
0.538082 0.000386
0.538323 0.000386
0.538564 0.000386
0.538805 0.000386
0.539047 0.000386
0.539288 0.000386
0.539529 0.000387
0.539771 0.000387
0.540012 0.000388
0.540253 0.000388
0.540494 0.000388
0.540736 0.000389
0.540977 0.000389
0.541218 0.000389
0.54146 0.000389
0.541701 0.00039
0.541942 0.00039
0.542184 0.00039
0.542425 0.000391
0.542666 0.000391
0.542907 0.000391
0.543149 0.000391
0.54339 0.000391
0.543631 0.000391
0.543873 0.000391
0.544114 0.000391
0.544355 0.000392
0.544596 0.000392
0.544838 0.000392
0.545079 0.000392
0.54532 0.000392
0.545562 0.000392
0.545803 0.000393
0.546044 0.000393
0.546285 0.000393
0.546527 0.000393
0.546768 0.000393
0.547009 0.000393
0.547251 0.000393
0.547492 0.000393
0.547733 0.000393
0.547975 0.000393
0.548216 0.000393
0.548457 0.000393
0.548698 0.000393
0.54894 0.000393
0.549181 0.000393
0.549422 0.000393
0.549664 0.000393
0.549905 0.000394
0.550146 0.000394
0.550387 0.000394
0.550629 0.000394
0.55087 0.000394
0.551111 0.000394
0.551353 0.000395
0.551594 0.000395
0.551835 0.000395
0.552076 0.000395
0.552318 0.000409
0.552559 0.00041
0.5528 0.00041
0.553042 0.00041
0.553283 0.00041
0.553524 0.00041
0.553766 0.00041
0.554007 0.00041
0.554248 0.000411
0.554489 0.000411
0.554731 0.000411
0.554972 0.000411
0.555213 0.000411
0.555455 0.000416
0.555696 0.000418
0.555937 0.000418
0.556178 0.000418
0.55642 0.000419
0.556661 0.000419
0.556902 0.000419
0.557144 0.000419
0.557385 0.000419
0.557626 0.000419
0.557867 0.000419
0.558109 0.000419
0.55835 0.000419
0.558591 0.000419
0.558833 0.000419
0.559074 0.000419
0.559315 0.000419
0.559557 0.000419
0.559798 0.000419
0.560039 0.00042
0.56028 0.00042
0.560522 0.000421
0.560763 0.000421
0.561004 0.000421
0.561246 0.000421
0.561487 0.000422
0.561728 0.000423
0.561969 0.000423
0.562211 0.000423
0.562452 0.000423
0.562693 0.000423
0.562935 0.000423
0.563176 0.000423
0.563417 0.000423
0.563659 0.000423
0.5639 0.000423
0.564141 0.000423
0.564382 0.000423
0.564624 0.000423
0.564865 0.000423
0.565106 0.000423
0.565348 0.000424
0.565589 0.000424
0.56583 0.000424
0.566071 0.000424
0.566313 0.000424
0.566554 0.000424
0.566795 0.000424
0.567037 0.000424
0.567278 0.000424
0.567519 0.000424
0.56776 0.000425
0.568002 0.000425
0.568243 0.000425
0.568484 0.000425
0.568726 0.000425
0.568967 0.000425
0.569208 0.000426
0.56945 0.000426
0.569691 0.000426
0.569932 0.000426
0.570173 0.000426
0.570415 0.000426
0.570656 0.000426
0.570897 0.000426
0.571139 0.000426
0.57138 0.000426
0.571621 0.000426
0.571862 0.000426
0.572104 0.000426
0.572345 0.000426
0.572586 0.000426
0.572828 0.000426
0.573069 0.000426
0.57331 0.000426
0.573551 0.000426
0.573793 0.000426
0.574034 0.000426
0.574275 0.000426
0.574517 0.000426
0.574758 0.000426
0.574999 0.000426
0.575241 0.000427
0.575482 0.000427
0.575723 0.000427
0.575964 0.000427
0.576206 0.000429
0.576447 0.000429
0.576688 0.00043
0.57693 0.000431
0.577171 0.000431
0.577412 0.000431
0.577653 0.000431
0.577895 0.000431
0.578136 0.000431
0.578377 0.000431
0.578619 0.000431
0.57886 0.000431
0.579101 0.000431
0.579342 0.000431
0.579584 0.000431
0.579825 0.000431
0.580066 0.000431
0.580308 0.000431
0.580549 0.000431
0.58079 0.000431
0.581032 0.000431
0.581273 0.000431
0.581514 0.000431
0.581755 0.000432
0.581997 0.000432
0.582238 0.000432
0.582479 0.000432
0.582721 0.000432
0.582962 0.000432
0.583203 0.000432
0.583444 0.000432
0.583686 0.000432
0.583927 0.000432
0.584168 0.000432
0.58441 0.000433
0.584651 0.000434
0.584892 0.000434
0.585134 0.000434
0.585375 0.000434
0.585616 0.000441
0.585857 0.000441
0.586099 0.000441
0.58634 0.000442
0.586581 0.000442
0.586823 0.000442
0.587064 0.000442
0.587305 0.000442
0.587546 0.000444
0.587788 0.000444
0.588029 0.000444
0.58827 0.000444
0.588512 0.000444
0.588753 0.000444
0.588994 0.000444
0.589235 0.000444
0.589477 0.000444
0.589718 0.000444
0.589959 0.000444
0.590201 0.000444
0.590442 0.000444
0.590683 0.000444
0.590925 0.000444
0.591166 0.000444
0.591407 0.000444
0.591648 0.000444
0.59189 0.000444
0.592131 0.000445
0.592372 0.000445
0.592614 0.000445
0.592855 0.000445
0.593096 0.000445
0.593337 0.000445
0.593579 0.000445
0.59382 0.000445
0.594061 0.000445
0.594303 0.000445
0.594544 0.000445
0.594785 0.000445
0.595026 0.000445
0.595268 0.000445
0.595509 0.000447
0.59575 0.000449
0.595992 0.000449
0.596233 0.000449
0.596474 0.00045
0.596716 0.00045
0.596957 0.00045
0.597198 0.00045
0.597439 0.00045
0.597681 0.00045
0.597922 0.00045
0.598163 0.00045
0.598405 0.00045
0.598646 0.00045
0.598887 0.00045
0.599128 0.00045
0.59937 0.00045
0.599611 0.000454
0.599852 0.000455
0.600094 0.000455
0.600335 0.000455
0.600576 0.000455
0.600817 0.000455
0.601059 0.000455
0.6013 0.000456
0.601541 0.000457
0.601783 0.000457
0.602024 0.000457
0.602265 0.000457
0.602507 0.000457
0.602748 0.000458
0.602989 0.000458
0.60323 0.000459
0.603472 0.000459
0.603713 0.000459
0.603954 0.000459
0.604196 0.000459
0.604437 0.00046
0.604678 0.00046
0.604919 0.00046
0.605161 0.00046
0.605402 0.00046
0.605643 0.00046
0.605885 0.000461
0.606126 0.000461
0.606367 0.000461
0.606609 0.000461
0.60685 0.000461
0.607091 0.000461
0.607332 0.000461
0.607574 0.000461
0.607815 0.000461
0.608056 0.000461
0.608298 0.000465
0.608539 0.000465
0.60878 0.000465
0.609021 0.000465
0.609263 0.000465
0.609504 0.000465
0.609745 0.000465
0.609987 0.000465
0.610228 0.000465
0.610469 0.000465
0.61071 0.000465
0.610952 0.000465
0.611193 0.000465
0.611434 0.000465
0.611676 0.000465
0.611917 0.000467
0.612158 0.000467
0.6124 0.000467
0.612641 0.000467
0.612882 0.000467
0.613123 0.000467
0.613365 0.000467
0.613606 0.000467
0.613847 0.000467
0.614089 0.000467
0.61433 0.000467
0.614571 0.000468
0.614812 0.000468
0.615054 0.000468
0.615295 0.000468
0.615536 0.000468
0.615778 0.000468
0.616019 0.000472
0.61626 0.000472
0.616501 0.000472
0.616743 0.000473
0.616984 0.000473
0.617225 0.000473
0.617467 0.000473
0.617708 0.000474
0.617949 0.000474
0.618191 0.000474
0.618432 0.000474
0.618673 0.000474
0.618914 0.000474
0.619156 0.000474
0.619397 0.000474
0.619638 0.000474
0.61988 0.000474
0.620121 0.000474
0.620362 0.000474
0.620603 0.000475
0.620845 0.000475
0.621086 0.000475
0.621327 0.000475
0.621569 0.000476
0.62181 0.000476
0.622051 0.000476
0.622293 0.000476
0.622534 0.000476
0.622775 0.000476
0.623016 0.000476
0.623258 0.000476
0.623499 0.000476
0.62374 0.000476
0.623982 0.000476
0.624223 0.000476
0.624464 0.000476
0.624705 0.000476
0.624947 0.000476
0.625188 0.000476
0.625429 0.000479
0.625671 0.000479
0.625912 0.000479
0.626153 0.0005
0.626394 0.000501
0.626636 0.00051
0.626877 0.00051
0.627118 0.00051
0.62736 0.00051
0.627601 0.00051
0.627842 0.00051
0.628084 0.000511
0.628325 0.000511
0.628566 0.000511
0.628807 0.000511
0.629049 0.000511
0.62929 0.000514
0.629531 0.000514
0.629773 0.000514
0.630014 0.000514
0.630255 0.000514
0.630496 0.000514
0.630738 0.000514
0.630979 0.000514
0.63122 0.000514
0.631462 0.000515
0.631703 0.000515
0.631944 0.000515
0.632185 0.000515
0.632427 0.000515
0.632668 0.000515
0.632909 0.000515
0.633151 0.000516
0.633392 0.000516
0.633633 0.000516
0.633875 0.000516
0.634116 0.000516
0.634357 0.000516
0.634598 0.000516
0.63484 0.000516
0.635081 0.000516
0.635322 0.000516
0.635564 0.000516
0.635805 0.000516
0.636046 0.000516
0.636287 0.000516
0.636529 0.000516
0.63677 0.000516
0.637011 0.000516
0.637253 0.000516
0.637494 0.000516
0.637735 0.000518
0.637976 0.000518
0.638218 0.000519
0.638459 0.000519
0.6387 0.000519
0.638942 0.000519
0.639183 0.000519
0.639424 0.00052
0.639666 0.00052
0.639907 0.00052
0.640148 0.00052
0.640389 0.00052
0.640631 0.00052
0.640872 0.000521
0.641113 0.000521
0.641355 0.000523
0.641596 0.000523
0.641837 0.000523
0.642078 0.000523
0.64232 0.000523
0.642561 0.000523
0.642802 0.000524
0.643044 0.000524
0.643285 0.000524
0.643526 0.000526
0.643768 0.000526
0.644009 0.000527
0.64425 0.000527
0.644491 0.000527
0.644733 0.000527
0.644974 0.000527
0.645215 0.000527
0.645457 0.000527
0.645698 0.000527
0.645939 0.000527
0.64618 0.000527
0.646422 0.000527
0.646663 0.000527
0.646904 0.000527
0.647146 0.000527
0.647387 0.000527
0.647628 0.000527
0.647869 0.000527
0.648111 0.000527
0.648352 0.000527
0.648593 0.000528
0.648835 0.000528
0.649076 0.000528
0.649317 0.000528
0.649559 0.000528
0.6498 0.000528
0.650041 0.000528
0.650282 0.000528
0.650524 0.000528
0.650765 0.000528
0.651006 0.000528
0.651248 0.000529
0.651489 0.00053
0.65173 0.00053
0.651971 0.00053
0.652213 0.00053
0.652454 0.00053
0.652695 0.00053
0.652937 0.00053
0.653178 0.00053
0.653419 0.00053
0.65366 0.00053
0.653902 0.000531
0.654143 0.000531
0.654384 0.000531
0.654626 0.000531
0.654867 0.000532
0.655108 0.000532
0.65535 0.000533
0.655591 0.000533
0.655832 0.000535
0.656073 0.000538
0.656315 0.000539
0.656556 0.000539
0.656797 0.000541
0.657039 0.000541
0.65728 0.000541
0.657521 0.000541
0.657762 0.000541
0.658004 0.000541
0.658245 0.000548
0.658486 0.000548
0.658728 0.000549
0.658969 0.000549
0.65921 0.000549
0.659451 0.000549
0.659693 0.000549
0.659934 0.000549
0.660175 0.000549
0.660417 0.000549
0.660658 0.000549
0.660899 0.000549
0.661141 0.000549
0.661382 0.000549
0.661623 0.000549
0.661864 0.00055
0.662106 0.00055
0.662347 0.00055
0.662588 0.00055
0.66283 0.00055
0.663071 0.00055
0.663312 0.00055
0.663553 0.00055
0.663795 0.00055
0.664036 0.000551
0.664277 0.000551
0.664519 0.000618
0.66476 0.000618
0.665001 0.000618
0.665243 0.000618
0.665484 0.000618
0.665725 0.000618
0.665966 0.000618
0.666208 0.000618
0.666449 0.000618
0.66669 0.000618
0.666932 0.000618
0.667173 0.000618
0.667414 0.000618
0.667655 0.000618
0.667897 0.000618
0.668138 0.000618
0.668379 0.000618
0.668621 0.000618
0.668862 0.000618
0.669103 0.000764
0.669344 0.000764
0.669586 0.000764
0.669827 0.000764
0.670068 0.000765
0.67031 0.000765
0.670551 0.000765
0.670792 0.000765
0.671034 0.000765
0.671275 0.000765
0.671516 0.000765
0.671757 0.000765
0.671999 0.000766
0.67224 0.000766
0.672481 0.000766
0.672723 0.000766
0.672964 0.000766
0.673205 0.000766
0.673446 0.000766
0.673688 0.000766
0.673929 0.000766
0.67417 0.000766
0.674412 0.000767
0.674653 0.000767
0.674894 0.000767
0.675135 0.000769
0.675377 0.000769
0.675618 0.000769
0.675859 0.000769
0.676101 0.000769
0.676342 0.000935
0.676583 0.000942
0.676825 0.000944
0.677066 0.000944
0.677307 0.000944
0.677548 0.000944
0.67779 0.000944
0.678031 0.000944
0.678272 0.000944
0.678514 0.000974
0.678755 0.000974
0.678996 0.000974
0.679237 0.000974
0.679479 0.000975
0.67972 0.000976
0.679961 0.000976
0.680203 0.000978
0.680444 0.00098
0.680685 0.000981
0.680926 0.000981
0.681168 0.000981
0.681409 0.000982
0.68165 0.000982
0.681892 0.000982
0.682133 0.000983
0.682374 0.000983
0.682616 0.000984
0.682857 0.000984
0.683098 0.000984
0.683339 0.000984
0.683581 0.000984
0.683822 0.000984
0.684063 0.000984
0.684305 0.000985
0.684546 0.000985
0.684787 0.000986
0.685028 0.000987
0.68527 0.000987
0.685511 0.000987
0.685752 0.000988
0.685994 0.000988
0.686235 0.000988
0.686476 0.000993
0.686718 0.000994
0.686959 0.000994
0.6872 0.000995
0.687441 0.000995
0.687683 0.000995
0.687924 0.000995
0.688165 0.000995
0.688407 0.000996
0.688648 0.000996
0.688889 0.000996
0.68913 0.000996
0.689372 0.000996
0.689613 0.000996
0.689854 0.001001
0.690096 0.001001
0.690337 0.001001
0.690578 0.001001
0.690819 0.001012
0.691061 0.001012
0.691302 0.001012
0.691543 0.001012
0.691785 0.001012
0.692026 0.001015
0.692267 0.001015
0.692509 0.001032
0.69275 0.001032
0.692991 0.001032
0.693232 0.001032
0.693474 0.001032
0.693715 0.001032
0.693956 0.001032
0.694198 0.001032
0.694439 0.001032
0.69468 0.001032
0.694921 0.001033
0.695163 0.001033
0.695404 0.001033
0.695645 0.001034
0.695887 0.001035
0.696128 0.001036
0.696369 0.001036
0.69661 0.001036
0.696852 0.001038
0.697093 0.001038
0.697334 0.001038
0.697576 0.001038
0.697817 0.00104
0.698058 0.001041
0.6983 0.001042
0.698541 0.001042
0.698782 0.001042
0.699023 0.001043
0.699265 0.001043
0.699506 0.001043
0.699747 0.001043
0.699989 0.001052
0.70023 0.001052
0.700471 0.001052
0.700712 0.001057
0.700954 0.001057
0.701195 0.001057
0.701436 0.001057
0.701678 0.001057
0.701919 0.001057
0.70216 0.001057
0.702402 0.001057
0.702643 0.001057
0.702884 0.001057
0.703125 0.001057
0.703367 0.001057
0.703608 0.001057
0.703849 0.001057
0.704091 0.001057
0.704332 0.001058
0.704573 0.001058
0.704814 0.001058
0.705056 0.001058
0.705297 0.001058
0.705538 0.001058
0.70578 0.001058
0.706021 0.001058
0.706262 0.001058
0.706503 0.001058
0.706745 0.001058
0.706986 0.001058
0.707227 0.001058
0.707469 0.001058
0.70771 0.001058
0.707951 0.001058
0.708193 0.001058
0.708434 0.001059
0.708675 0.001059
0.708916 0.001059
0.709158 0.001059
0.709399 0.001061
0.70964 0.001062
0.709882 0.001063
0.710123 0.001064
0.710364 0.001064
0.710605 0.001065
0.710847 0.001066
0.711088 0.001066
0.711329 0.001066
0.711571 0.001066
0.711812 0.001066
0.712053 0.001067
0.712294 0.001067
0.712536 0.001068
0.712777 0.001068
0.713018 0.001068
0.71326 0.001068
0.713501 0.001068
0.713742 0.001068
0.713984 0.001068
0.714225 0.001068
0.714466 0.001068
0.714707 0.001068
0.714949 0.001068
0.71519 0.001069
0.715431 0.001069
0.715673 0.001069
0.715914 0.001069
0.716155 0.001069
0.716396 0.001069
0.716638 0.00107
0.716879 0.00107
0.71712 0.00107
0.717362 0.00107
0.717603 0.00107
0.717844 0.00107
0.718085 0.00107
0.718327 0.001071
0.718568 0.001071
0.718809 0.001071
0.719051 0.001071
0.719292 0.001071
0.719533 0.001072
0.719775 0.001073
0.720016 0.001073
0.720257 0.001073
0.720498 0.001073
0.72074 0.001073
0.720981 0.001074
0.721222 0.001074
0.721464 0.001118
0.721705 0.001118
0.721946 0.001123
0.722187 0.001123
0.722429 0.001124
0.72267 0.001124
0.722911 0.001124
0.723153 0.001124
0.723394 0.001124
0.723635 0.001125
0.723877 0.001125
0.724118 0.001125
0.724359 0.001127
0.7246 0.001127
0.724842 0.001127
0.725083 0.001127
0.725324 0.001127
0.725566 0.001127
0.725807 0.001128
0.726048 0.001128
0.726289 0.00113
0.726531 0.00113
0.726772 0.001131
0.727013 0.001131
0.727255 0.001131
0.727496 0.001133
0.727737 0.001133
0.727978 0.001133
0.72822 0.001133
0.728461 0.001133
0.728702 0.001133
0.728944 0.001133
0.729185 0.001134
0.729426 0.001134
0.729668 0.001134
0.729909 0.001134
0.73015 0.001134
0.730391 0.001134
0.730633 0.001135
0.730874 0.001137
0.731115 0.001137
0.731357 0.001137
0.731598 0.001138
0.731839 0.001138
0.73208 0.001138
0.732322 0.001138
0.732563 0.001138
0.732804 0.001138
0.733046 0.001138
0.733287 0.001138
0.733528 0.001138
0.733769 0.001138
0.734011 0.001138
0.734252 0.001138
0.734493 0.00114
0.734735 0.00114
0.734976 0.001278
0.735217 0.001278
0.735459 0.001278
0.7357 0.001278
0.735941 0.00128
0.736182 0.00128
0.736424 0.001281
0.736665 0.001281
0.736906 0.001281
0.737148 0.001281
0.737389 0.001281
0.73763 0.001281
0.737871 0.001281
0.738113 0.001282
0.738354 0.001283
0.738595 0.001283
0.738837 0.001283
0.739078 0.001284
0.739319 0.001284
0.73956 0.001284
0.739802 0.001284
0.740043 0.001293
0.740284 0.001293
0.740526 0.001297
0.740767 0.001297
0.741008 0.001299
0.74125 0.001299
0.741491 0.001299
0.741732 0.001301
0.741973 0.001301
0.742215 0.001301
0.742456 0.001301
0.742697 0.001301
0.742939 0.001301
0.74318 0.001301
0.743421 0.001301
0.743662 0.001303
0.743904 0.001303
0.744145 0.001304
0.744386 0.001304
0.744628 0.001304
0.744869 0.001306
0.74511 0.001306
0.745352 0.001307
0.745593 0.001307
0.745834 0.001307
0.746075 0.001308
0.746317 0.00131
0.746558 0.001311
0.746799 0.001311
0.747041 0.001322
0.747282 0.001322
0.747523 0.001322
0.747764 0.001322
0.748006 0.001322
0.748247 0.001322
0.748488 0.001322
0.74873 0.001322
0.748971 0.001323
0.749212 0.001323
0.749453 0.001323
0.749695 0.001323
0.749936 0.001324
0.750177 0.001324
0.750419 0.001325
0.75066 0.001325
0.750901 0.001329
0.751143 0.001329
0.751384 0.001348
0.751625 0.001355
0.751866 0.001355
0.752108 0.001355
0.752349 0.001355
0.75259 0.001355
0.752832 0.001355
0.753073 0.001356
0.753314 0.001356
0.753555 0.001356
0.753797 0.001357
0.754038 0.001357
0.754279 0.001357
0.754521 0.001357
0.754762 0.001357
0.755003 0.001357
0.755244 0.001357
0.755486 0.001363
0.755727 0.001363
0.755968 0.001363
0.75621 0.001363
0.756451 0.001364
0.756692 0.001364
0.756934 0.001365
0.757175 0.001365
0.757416 0.001366
0.757657 0.001366
0.757899 0.001368
0.75814 0.001369
0.758381 0.001373
0.758623 0.001373
0.758864 0.001373
0.759105 0.001375
0.759346 0.002199
0.759588 0.002201
0.759829 0.002202
0.76007 0.002202
0.760312 0.002209
0.760553 0.002209
0.760794 0.002209
0.761035 0.002209
0.761277 0.002224
0.761518 0.002224
0.761759 0.002251
0.762001 0.002251
0.762242 0.002259
0.762483 0.00226
0.762725 0.002261
0.762966 0.002265
0.763207 0.002266
0.763448 0.002266
0.76369 0.002266
0.763931 0.002267
0.764172 0.002267
0.764414 0.002268
0.764655 0.002282
0.764896 0.002283
0.765137 0.002284
0.765379 0.002288
0.76562 0.002289
0.765861 0.002289
0.766103 0.002291
0.766344 0.002291
0.766585 0.002291
0.766827 0.002291
0.767068 0.002291
0.767309 0.002291
0.76755 0.002291
0.767792 0.002291
0.768033 0.002291
0.768274 0.002291
0.768516 0.002291
0.768757 0.002291
0.768998 0.002293
0.769239 0.002294
0.769481 0.002299
0.769722 0.002299
0.769963 0.002299
0.770205 0.002299
0.770446 0.002299
0.770687 0.0023
0.770928 0.002301
0.77117 0.002303
0.771411 0.002304
0.771652 0.002305
0.771894 0.002305
0.772135 0.002306
0.772376 0.00233
0.772618 0.002331
0.772859 0.00246
0.7731 0.002462
0.773341 0.002463
0.773583 0.002463
0.773824 0.002464
0.774065 0.002464
0.774307 0.002464
0.774548 0.002464
0.774789 0.002465
0.77503 0.002465
0.775272 0.002465
0.775513 0.002465
0.775754 0.002468
0.775996 0.002468
0.776237 0.002469
0.776478 0.002472
0.776719 0.002472
0.776961 0.002476
0.777202 0.002477
0.777443 0.002477
0.777685 0.00248
0.777926 0.002481
0.778167 0.002484
0.778409 0.00249
0.77865 0.002492
0.778891 0.002492
0.779132 0.002492
0.779374 0.002492
0.779615 0.002493
0.779856 0.002493
0.780098 0.002495
0.780339 0.002495
0.78058 0.002495
0.780821 0.002496
0.781063 0.002496
0.781304 0.002496
0.781545 0.002498
0.781787 0.002498
0.782028 0.002498
0.782269 0.002498
0.782511 0.002499
0.782752 0.002545
0.782993 0.002546
0.783234 0.002547
0.783476 0.002547
0.783717 0.002547
0.783958 0.002548
0.7842 0.002548
0.784441 0.002573
0.784682 0.002573
0.784923 0.002573
0.785165 0.002575
0.785406 0.002577
0.785647 0.002577
0.785889 0.002577
0.78613 0.002577
0.786371 0.002579
0.786612 0.002579
0.786854 0.002581
0.787095 0.002587
0.787336 0.002588
0.787578 0.002588
0.787819 0.002591
0.78806 0.002592
0.788302 0.002619
0.788543 0.002619
0.788784 0.002619
0.789025 0.002622
0.789267 0.002623
0.789508 0.002632
0.789749 0.002635
0.789991 0.002635
0.790232 0.002635
0.790473 0.002654
0.790714 0.002657
0.790956 0.002722
0.791197 0.002723
0.791438 0.002724
0.79168 0.002726
0.791921 0.002726
0.792162 0.002726
0.792403 0.002726
0.792645 0.002727
0.792886 0.002727
0.793127 0.002728
0.793369 0.002732
0.79361 0.002732
0.793851 0.002733
0.794093 0.002734
0.794334 0.002737
0.794575 0.002737
0.794816 0.002739
0.795058 0.002739
0.795299 0.002739
0.79554 0.002853
0.795782 0.002892
0.796023 0.002897
0.796264 0.0029
0.796505 0.002901
0.796747 0.002908
0.796988 0.002911
0.797229 0.002912
0.797471 0.00295
0.797712 0.002954
0.797953 0.002956
0.798194 0.002958
0.798436 0.002961
0.798677 0.002964
0.798918 0.002964
0.79916 0.002964
0.799401 0.002968
0.799642 0.002971
0.799884 0.002975
0.800125 0.002976
0.800366 0.002977
0.800607 0.002978
0.800849 0.002978
0.80109 0.002978
0.801331 0.002978
0.801573 0.002982
0.801814 0.002988
0.802055 0.002988
0.802296 0.002992
0.802538 0.002992
0.802779 0.002992
0.80302 0.002992
0.803262 0.002993
0.803503 0.002993
0.803744 0.002993
0.803986 0.002996
0.804227 0.003121
0.804468 0.003122
0.804709 0.003122
0.804951 0.003134
0.805192 0.003138
0.805433 0.003139
0.805675 0.003142
0.805916 0.003143
0.806157 0.003147
0.806398 0.00315
0.80664 0.003153
0.806881 0.003153
0.807122 0.003156
0.807364 0.003157
0.807605 0.003158
0.807846 0.003159
0.808087 0.00316
0.808329 0.003163
0.80857 0.003164
0.808811 0.003168
0.809053 0.003168
0.809294 0.003169
0.809535 0.003169
0.809777 0.003171
0.810018 0.003171
0.810259 0.003171
0.8105 0.003171
0.810742 0.003172
0.810983 0.003173
0.811224 0.00321
0.811466 0.003214
0.811707 0.003217
0.811948 0.003217
0.812189 0.003217
0.812431 0.003218
0.812672 0.003222
0.812913 0.003222
0.813155 0.003224
0.813396 0.003225
0.813637 0.003227
0.813878 0.003227
0.81412 0.003228
0.814361 0.003229
0.814602 0.00323
0.814844 0.003234
0.815085 0.003235
0.815326 0.003239
0.815568 0.00324
0.815809 0.003241
0.81605 0.003243
0.816291 0.003246
0.816533 0.003246
0.816774 0.003248
0.817015 0.003253
0.817257 0.003254
0.817498 0.003255
0.817739 0.003257
0.81798 0.003259
0.818222 0.003259
0.818463 0.003305
0.818704 0.003307
0.818946 0.003307
0.819187 0.00331
0.819428 0.003313
0.819669 0.003314
0.819911 0.003314
0.820152 0.003314
0.820393 0.003315
0.820635 0.003315
0.820876 0.003319
0.821117 0.003319
0.821359 0.003323
0.8216 0.003323
0.821841 0.003323
0.822082 0.003323
0.822324 0.003324
0.822565 0.003324
0.822806 0.003327
0.823048 0.003328
0.823289 0.003329
0.82353 0.003329
0.823771 0.003329
0.824013 0.003329
0.824254 0.003329
0.824495 0.003329
0.824737 0.003331
0.824978 0.003339
0.825219 0.003342
0.825461 0.003342
0.825702 0.003344
0.825943 0.003345
0.826184 0.003346
0.826426 0.003346
0.826667 0.003347
0.826908 0.003347
0.82715 0.003347
0.827391 0.00335
0.827632 0.003354
0.827873 0.003356
0.828115 0.003356
0.828356 0.003356
0.828597 0.003356
0.828839 0.003364
0.82908 0.003364
0.829321 0.003366
0.829562 0.003366
0.829804 0.003366
0.830045 0.003371
0.830286 0.003371
0.830528 0.003371
0.830769 0.003376
0.83101 0.003376
0.831252 0.003376
0.831493 0.003377
0.831734 0.003378
0.831975 0.003379
0.832217 0.003379
0.832458 0.00338
0.832699 0.003381
0.832941 0.003385
0.833182 0.003389
0.833423 0.00339
0.833664 0.003391
0.833906 0.003392
0.834147 0.003392
0.834388 0.003392
0.83463 0.003392
0.834871 0.003392
0.835112 0.003392
0.835353 0.003395
0.835595 0.003396
0.835836 0.003398
0.836077 0.003399
0.836319 0.0034
0.83656 0.003406
0.836801 0.003406
0.837043 0.003407
0.837284 0.003407
0.837525 0.003408
0.837766 0.003408
0.838008 0.003408
0.838249 0.003415
0.83849 0.003416
0.838732 0.003416
0.838973 0.003423
0.839214 0.003423
0.839455 0.003432
0.839697 0.00345
0.839938 0.003452
0.840179 0.003453
0.840421 0.003454
0.840662 0.003454
0.840903 0.003454
0.841144 0.003456
0.841386 0.003456
0.841627 0.003467
0.841868 0.003467
0.84211 0.003469
0.842351 0.00347
0.842592 0.003472
0.842834 0.003472
0.843075 0.003481
0.843316 0.003484
0.843557 0.003484
0.843799 0.003485
0.84404 0.003488
0.844281 0.003488
0.844523 0.003497
0.844764 0.003498
0.845005 0.003498
0.845246 0.003499
0.845488 0.003499
0.845729 0.003499
0.84597 0.003499
0.846212 0.0035
0.846453 0.003502
0.846694 0.003503
0.846936 0.003505
0.847177 0.003505
0.847418 0.003516
0.847659 0.003517
0.847901 0.003517
0.848142 0.003517
0.848383 0.003518
0.848625 0.003518
0.848866 0.003519
0.849107 0.003519
0.849348 0.00352
0.84959 0.00352
0.849831 0.003523
0.850072 0.003523
0.850314 0.003525
0.850555 0.003531
0.850796 0.003531
0.851037 0.003532
0.851279 0.003532
0.85152 0.003532
0.851761 0.003532
0.852003 0.003532
0.852244 0.003533
0.852485 0.003535
0.852727 0.003724
0.852968 0.003893
0.853209 0.003894
0.85345 0.003897
0.853692 0.003901
0.853933 0.003901
0.854174 0.003901
0.854416 0.003908
0.854657 0.003916
0.854898 0.003927
0.855139 0.003929
0.855381 0.003956
0.855622 0.004093
0.855863 0.004093
0.856105 0.004093
0.856346 0.004095
0.856587 0.004095
0.856828 0.004095
0.85707 0.004096
0.857311 0.004102
0.857552 0.004106
0.857794 0.004108
0.858035 0.004185
0.858276 0.004186
0.858518 0.004189
0.858759 0.004189
0.859 0.00419
0.859241 0.004201
0.859483 0.004201
0.859724 0.004248
0.859965 0.004249
0.860207 0.004254
0.860448 0.004255
0.860689 0.004256
0.86093 0.004258
0.861172 0.00426
0.861413 0.004262
0.861654 0.004264
0.861896 0.004264
0.862137 0.004268
0.862378 0.004269
0.862619 0.004271
0.862861 0.004272
0.863102 0.004273
0.863343 0.004275
0.863585 0.004275
0.863826 0.004276
0.864067 0.004276
0.864309 0.004276
0.86455 0.004276
0.864791 0.004276
0.865032 0.004276
0.865274 0.004277
0.865515 0.004295
0.865756 0.004295
0.865998 0.004295
0.866239 0.004303
0.86648 0.004303
0.866721 0.004306
0.866963 0.004307
0.867204 0.004309
0.867445 0.004363
0.867687 0.004363
0.867928 0.004366
0.868169 0.004369
0.868411 0.00437
0.868652 0.004371
0.868893 0.004373
0.869134 0.004381
0.869376 0.004382
0.869617 0.00439
0.869858 0.004646
0.8701 0.004648
0.870341 0.004649
0.870582 0.00465
0.870823 0.004665
0.871065 0.004668
0.871306 0.004668
0.871547 0.004675
0.871789 0.004676
0.87203 0.004681
0.872271 0.004723
0.872512 0.004728
0.872754 0.004728
0.872995 0.004728
0.873236 0.00473
0.873478 0.004731
0.873719 0.004732
0.87396 0.004737
0.874202 0.004738
0.874443 0.00474
0.874684 0.004745
0.874925 0.004746
0.875167 0.004746
0.875408 0.004749
0.875649 0.00475
0.875891 0.00475
0.876132 0.004752
0.876373 0.004754
0.876614 0.004758
0.876856 0.004759
0.877097 0.004759
0.877338 0.004761
0.87758 0.004761
0.877821 0.004762
0.878062 0.004768
0.878303 0.004772
0.878545 0.004773
0.878786 0.004774
0.879027 0.004774
0.879269 0.004944
0.87951 0.004945
0.879751 0.004945
0.879993 0.004946
0.880234 0.004948
0.880475 0.00495
0.880716 0.004962
0.880958 0.004963
0.881199 0.004966
0.88144 0.004974
0.881682 0.004981
0.881923 0.004982
0.882164 0.004986
0.882405 0.004986
0.882647 0.004986
0.882888 0.004989
0.883129 0.004989
0.883371 0.006106
0.883612 0.006111
0.883853 0.006112
0.884095 0.006116
0.884336 0.006117
0.884577 0.006117
0.884818 0.006117
0.88506 0.006118
0.885301 0.006142
0.885542 0.006172
0.885784 0.006176
0.886025 0.006177
0.886266 0.006179
0.886507 0.006179
0.886749 0.00618
0.88699 0.006188
0.887231 0.007981
0.887473 0.007982
0.887714 0.007983
0.887955 0.007987
0.888196 0.007988
0.888438 0.008048
0.888679 0.008051
0.88892 0.008053
0.889162 0.008054
0.889403 0.008055
0.889644 0.008057
0.889886 0.008057
0.890127 0.008057
0.890368 0.008062
0.890609 0.008063
0.890851 0.008075
0.891092 0.008076
0.891333 0.008077
0.891575 0.008078
0.891816 0.008081
0.892057 0.008086
0.892298 0.008087
0.89254 0.00809
0.892781 0.008091
0.893022 0.008092
0.893264 0.008105
0.893505 0.008106
0.893746 0.008124
0.893987 0.008124
0.894229 0.008124
0.89447 0.008127
0.894711 0.008136
0.894953 0.008243
0.895194 0.008243
0.895435 0.008247
0.895677 0.008247
0.895918 0.00825
0.896159 0.00825
0.8964 0.008252
0.896642 0.008255
0.896883 0.008258
0.897124 0.008259
0.897366 0.008259
0.897607 0.008259
0.897848 0.008265
0.898089 0.008266
0.898331 0.008273
0.898572 0.00828
0.898813 0.008284
0.899055 0.008285
0.899296 0.008285
0.899537 0.008288
0.899778 0.00829
0.90002 0.008292
0.900261 0.008294
0.900502 0.008301
0.900744 0.008302
0.900985 0.008302
0.901226 0.008304
0.901468 0.008306
0.901709 0.008307
0.90195 0.008312
0.902191 0.008313
0.902433 0.008316
0.902674 0.008317
0.902915 0.008318
0.903157 0.00832
0.903398 0.008336
0.903639 0.008338
0.90388 0.00834
0.904122 0.00834
0.904363 0.008352
0.904604 0.008354
0.904846 0.008374
0.905087 0.008385
0.905328 0.008386
0.90557 0.008388
0.905811 0.008388
0.906052 0.008389
0.906293 0.008396
0.906535 0.00841
0.906776 0.008421
0.907017 0.008425
0.907259 0.00843
0.9075 0.008456
0.907741 0.008465
0.907982 0.008468
0.908224 0.008471
0.908465 0.008474
0.908706 0.008474
0.908948 0.008483
0.909189 0.008511
0.90943 0.008511
0.909671 0.008513
0.909913 0.008528
0.910154 0.008535
0.910395 0.008535
0.910637 0.008537
0.910878 0.008542
0.911119 0.008546
0.911361 0.008546
0.911602 0.00855
0.911843 0.008554
0.912084 0.00856
0.912326 0.008569
0.912567 0.008941
0.912808 0.009119
0.91305 0.009123
0.913291 0.009124
0.913532 0.009138
0.913773 0.009172
0.914015 0.009196
0.914256 0.009197
0.914497 0.009198
0.914739 0.009201
0.91498 0.009208
0.915221 0.00921
0.915462 0.009212
0.915704 0.009241
0.915945 0.009242
0.916186 0.009246
0.916428 0.009249
0.916669 0.009254
0.91691 0.00926
0.917152 0.009263
0.917393 0.009332
0.917634 0.009334
0.917875 0.009337
0.918117 0.009339
0.918358 0.00934
0.918599 0.009457
0.918841 0.00946
0.919082 0.009464
0.919323 0.009466
0.919564 0.009468
0.919806 0.009469
0.920047 0.009471
0.920288 0.009484
0.92053 0.009513
0.920771 0.009516
0.921012 0.009774
0.921253 0.009778
0.921495 0.009784
0.921736 0.0098
0.921977 0.0098
0.922219 0.0098
0.92246 0.009814
0.922701 0.009817
0.922943 0.009822
0.923184 0.009833
0.923425 0.009837
0.923666 0.009851
0.923908 0.009852
0.924149 0.009856
0.92439 0.009966
0.924632 0.010474
0.924873 0.01048
0.925114 0.010482
0.925355 0.010484
0.925597 0.01049
0.925838 0.010494
0.926079 0.010496
0.926321 0.010501
0.926562 0.010502
0.926803 0.010509
0.927045 0.01051
0.927286 0.010522
0.927527 0.010525
0.927768 0.010642
0.92801 0.010644
0.928251 0.010645
0.928492 0.010646
0.928734 0.01065
0.928975 0.010655
0.929216 0.010661
0.929457 0.010662
0.929699 0.010671
0.92994 0.010674
0.930181 0.010686
0.930423 0.010693
0.930664 0.010697
0.930905 0.010746
0.931146 0.010761
0.931388 0.010765
0.931629 0.010773
0.93187 0.010809
0.932112 0.010811
0.932353 0.010883
0.932594 0.010896
0.932836 0.010901
0.933077 0.010902
0.933318 0.010904
0.933559 0.010905
0.933801 0.010905
0.934042 0.010906
0.934283 0.01091
0.934525 0.010914
0.934766 0.010915
0.935007 0.010937
0.935248 0.010945
0.93549 0.010945
0.935731 0.010947
0.935972 0.010953
0.936214 0.010957
0.936455 0.010961
0.936696 0.010962
0.936937 0.010993
0.937179 0.010998
0.93742 0.010999
0.937661 0.010999
0.937903 0.011111
0.938144 0.011114
0.938385 0.011118
0.938627 0.01113
0.938868 0.011131
0.939109 0.011141
0.93935 0.011142
0.939592 0.011165
0.939833 0.011167
0.940074 0.011172
0.940316 0.011188
0.940557 0.01119
0.940798 0.011196
0.941039 0.011197
0.941281 0.0112
0.941522 0.011234
0.941763 0.011239
0.942005 0.011241
0.942246 0.011246
0.942487 0.011254
0.942728 0.011261
0.94297 0.011264
0.943211 0.011269
0.943452 0.011275
0.943694 0.011282
0.943935 0.011283
0.944176 0.011287
0.944418 0.01129
0.944659 0.011291
0.9449 0.011293
0.945141 0.011296
0.945383 0.01131
0.945624 0.011312
0.945865 0.011315
0.946107 0.011319
0.946348 0.01132
0.946589 0.011327
0.94683 0.011337
0.947072 0.01135
0.947313 0.011357
0.947554 0.011363
0.947796 0.01138
0.948037 0.01138
0.948278 0.011384
0.94852 0.011386
0.948761 0.01139
0.949002 0.011393
0.949243 0.011403
0.949485 0.011409
0.949726 0.011432
0.949967 0.011436
0.950209 0.011437
0.95045 0.011441
0.950691 0.011447
0.950932 0.021746
0.951174 0.02176
0.951415 0.02177
0.951656 0.021836
0.951898 0.021848
0.952139 0.021856
0.95238 0.021861
0.952621 0.021863
0.952863 0.022368
0.953104 0.022374
0.953345 0.022381
0.953587 0.022409
0.953828 0.022468
0.954069 0.022477
0.954311 0.022485
0.954552 0.022493
0.954793 0.022519
0.955034 0.022548
0.955276 0.022551
0.955517 0.022568
0.955758 0.02258
0.956 0.022843
0.956241 0.02285
0.956482 0.022879
0.956723 0.022887
0.956965 0.022888
0.957206 0.023122
0.957447 0.023123
0.957689 0.023126
0.95793 0.023129
0.958171 0.023145
0.958412 0.023152
0.958654 0.023167
0.958895 0.023174
0.959136 0.023182
0.959378 0.023222
0.959619 0.023227
0.95986 0.023257
0.960102 0.023263
0.960343 0.023268
0.960584 0.024632
0.960825 0.024635
0.961067 0.024639
0.961308 0.025314
0.961549 0.025318
0.961791 0.025342
0.962032 0.025354
0.962273 0.02536
0.962514 0.025421
0.962756 0.025428
0.962997 0.025435
0.963238 0.02545
0.96348 0.025584
0.963721 0.025975
0.963962 0.025982
0.964204 0.026007
0.964445 0.026028
0.964686 0.026047
0.964927 0.02606
0.965169 0.026101
0.96541 0.026129
0.965651 0.026142
0.965893 0.026149
0.966134 0.026163
0.966375 0.026177
0.966616 0.026184
0.966858 0.026209
0.967099 0.026221
0.96734 0.026226
0.967582 0.026232
0.967823 0.026239
0.968064 0.02625
0.968305 0.026296
0.968547 0.026321
0.968788 0.026628
0.969029 0.026634
0.969271 0.026643
0.969512 0.026657
0.969753 0.026665
0.969995 0.026698
0.970236 0.026721
0.970477 0.026739
0.970718 0.026768
0.97096 0.026843
0.971201 0.026854
0.971442 0.026887
0.971684 0.026894
0.971925 0.026903
0.972166 0.026937
0.972407 0.026993
0.972649 0.027039
0.97289 0.027084
0.973131 0.027095
0.973373 0.027102
0.973614 0.027107
0.973855 0.027118
0.974096 0.027125
0.974338 0.027135
0.974579 0.027143
0.97482 0.027153
0.975062 0.027174
0.975303 0.027181
0.975544 0.027216
0.975786 0.027219
0.976027 0.027224
0.976268 0.027226
0.976509 0.027379
0.976751 0.02739
0.976992 0.027399
0.977233 0.027409
0.977475 0.027419
0.977716 0.027467
0.977957 0.027479
0.978198 0.027516
0.97844 0.027524
0.978681 0.027535
0.978922 0.027541
0.979164 0.027567
0.979405 0.027594
0.979646 0.027753
0.979887 0.027763
0.980129 0.028131
0.98037 0.028137
0.980611 0.028294
0.980853 0.028298
0.981094 0.028322
0.981335 0.028336
0.981577 0.028339
0.981818 0.028372
0.982059 0.028379
0.9823 0.028391
0.982542 0.028554
0.982783 0.028558
0.983024 0.028567
0.983266 0.029024
0.983507 0.029028
0.983748 0.029037
0.983989 0.029047
0.984231 0.029101
0.984472 0.029203
0.984713 0.029242
0.984955 0.029244
0.985196 0.029417
0.985437 0.029425
0.985679 0.02945
0.98592 0.029454
0.986161 0.029516
0.986402 0.029562
0.986644 0.029575
0.986885 0.029586
0.987126 0.029601
0.987368 0.029612
0.987609 0.029694
0.98785 0.0297
0.988091 0.029708
0.988333 0.029776
0.988574 0.029778
0.988815 0.029782
0.989057 0.029836
0.989298 0.029844
0.989539 0.029848
0.98978 0.029868
0.990022 0.029876
0.990263 0.029897
0.990504 0.029921
0.990746 0.029936
0.990987 0.029948
0.991228 0.029955
0.99147 0.029965
0.991711 0.029998
0.991952 0.030116
0.992193 0.030132
0.992435 0.030163
0.992676 0.030184
0.992917 0.030192
0.993159 0.03034
0.9934 0.030361
0.993641 0.030375
0.993882 0.030706
0.994124 0.030721
0.994365 0.03073
0.994606 0.030742
0.994848 0.030759
0.995089 0.030839
0.99533 0.030851
0.995571 0.030869
0.995813 0.030871
0.996054 0.03088
0.996295 0.030991
0.996537 0.031004
0.996778 0.031016
0.997019 0.031023
0.997261 0.031028
0.997502 0.031108
0.997743 0.031128
0.997984 0.031143
0.998226 0.031152
0.998467 0.03116
0.998708 0.031165
0.99895 0.031289
0.999191 0.031301
0.999432 0.031321
0.999673 0.031358
0.999915 0.031362
